2.557620e-01 3.837469e-01 5.118379e-01 6.397538e-01 7.678463e-01
-3.489150e-04 -3.254584e-04 -3.078461e-04 -2.850663e-04 -2.843446e-04
2.012564e-02 2.658814e-02 3.036728e-02 3.126973e-02 3.016358e-02
1.578891e-04 1.578201e-04 1.507821e-04 1.316445e-04 1.099304e-04
8.824543e-04 8.007703e-04 7.764042e-04 1.076825e-03 2.193402e-03
5.174122e-05 4.329932e-05 3.513156e-05 3.495791e-05 4.524863e-05
3.872955e-05 7.749233e-05 1.909588e-04 2.740931e-04 2.828876e-04
1.506797e-05 1.423604e-05 1.729301e-05 1.454978e-05 2.231743e-05
-4.232047e-06 2.110153e-05 -4.750674e-05 2.018608e-05 -7.290275e-05
1.174326e-06 -1.221479e-07 -2.793685e-07 1.773447e-06 -8.864406e-07
9.691152e-05 7.664223e-05 9.139960e-05 7.198930e-05 5.476866e-05
4.510008e-06 3.340711e-06 3.274329e-06 -1.141989e-06 -8.363162e-07
-7.722121e-06 1.344847e-05 -2.096324e-05 2.559574e-05 4.334111e-05
-1.859246e-06 -1.841726e-06 -3.297361e-06 -1.229293e-07 4.260977e-06
5.022933e-05 1.929594e-05 -2.002203e-05 -2.867900e-05 -7.267912e-05
3.065125e-06 -1.342258e-06 -6.546671e-06 -5.884472e-06 -1.118240e-05
1.257134e-06 -1.205177e-06 3.680873e-05 -1.866171e-05 3.557577e-05
2.407498e-07 -1.828909e-06 -6.636939e-07 -5.965366e-06 -2.187024e-06
-2.952656e-05 -4.540837e-05 -7.047450e-05 -6.210621e-05 -1.594318e-05
-6.094845e-06 -8.971039e-06 -1.406735e-05 -8.435430e-06 -3.850524e-06
-3.713497e-06 -1.901100e-05 1.073018e-05 -4.196717e-05 -5.740088e-05
1.203432e-06 -7.192124e-06 -4.761538e-06 -1.259687e-05 -1.573773e-05
-5.485384e-05 -4.671480e-05 -1.492014e-05 -3.687516e-06 3.660410e-05
-1.219128e-05 -1.255771e-05 -7.559967e-06 -7.995142e-06 -5.552942e-06
-1.276788e-05 -2.073260e-05 -3.324449e-05 -6.660552e-06 -2.642871e-05
-7.918013e-06 -1.236700e-05 -1.135714e-05 -9.978391e-06 -1.033328e-05
-2.498324e-05 -3.012405e-06 2.311002e-05 2.755209e-05 -1.888987e-05
-1.183806e-05 -9.758402e-06 -3.722605e-06 -7.209579e-06 -1.238087e-05
-1.135627e-05 -7.880312e-06 -1.976328e-05 2.135770e-05 2.876321e-05
-1.649080e-05 -1.244558e-05 -1.170528e-05 -5.328569e-06 -3.334771e-06
5.050203e-06 1.996047e-05 5.227907e-06 -3.002163e-06 -2.782055e-05
-1.217273e-05 -6.247222e-06 -7.149714e-06 -7.295753e-06 -6.204564e-06
-2.500000e-06 1.220000e-06 2.720000e-06 -3.060000e-06 -6.490000e-06
-1.474959e-05 -7.709330e-06 -8.118451e-06 -4.395601e-06 -6.326302e-06
4.611142e-06 1.993495e-06 -1.403702e-05 -2.568547e-05 4.016834e-06
-8.916683e-06 -6.323703e-06 -9.262151e-06 -9.556006e-06 -6.631014e-06
-2.038184e-06 -4.480569e-06 -6.129938e-06 -2.786841e-05 -2.775373e-05
-6.666606e-06 -3.620452e-06 -8.750921e-06 -8.715130e-06 -9.343644e-06
-5.761572e-06 -2.115130e-05 -1.873986e-05 -1.340271e-05 -7.881624e-06
-5.853376e-06 -1.022355e-05 -9.271051e-06 -8.962573e-06 -1.109451e-05
-1.332378e-05 -1.271332e-05 -1.329768e-05 -1.548540e-05 -7.778764e-06
-5.490247e-06 -5.654534e-06 -1.005274e-05 -1.521312e-05 -1.257723e-05
-6.882328e-06 -1.983198e-05 -1.715290e-05 -4.532159e-06 -1.445019e-05
-6.245680e-06 -1.071193e-05 -1.094681e-05 -9.379328e-06 -9.048455e-06
-1.969540e-05 -1.149949e-05 -4.149017e-06 -3.773765e-07 -4.246975e-06
-1.036407e-05 -1.090613e-05 -7.499545e-06 -1.001191e-05 -1.031141e-05
-7.305595e-06 -4.831376e-06 -6.044388e-06 -1.220223e-05 -2.348004e-06
-7.963992e-06 -9.753073e-06 -1.243360e-05 -1.081330e-05 -1.013690e-05
-1.309713e-05 -8.134823e-06 -4.528731e-06 -7.178293e-06 -4.375767e-06
-8.878500e-06 -1.164488e-05 -7.034585e-06 -5.037558e-06 -5.265103e-06
-1.224650e-05 -2.525677e-06 2.090749e-07 -1.234952e-05 -1.218009e-05
-1.038572e-05 -1.093409e-05 -7.513253e-06 -7.640429e-06 -1.014636e-05
-7.695660e-06 -1.075821e-05 -1.684499e-05 -1.230852e-05 -8.141163e-06
-2.699672e-06 -9.663427e-06 -9.756345e-06 -9.507948e-06 -8.183305e-06
-1.244781e-05 -1.203268e-05 -8.406448e-06 -1.599446e-06 -1.565004e-05
-9.592975e-06 -8.740430e-06 -4.800074e-06 -6.914436e-06 -7.379423e-06
-8.396296e-06 -1.237561e-05 -1.691109e-05 -6.920130e-06 -2.468978e-05
-5.662420e-06 -1.088689e-05 -9.113445e-06 -1.035373e-05 -1.159132e-05
-9.978264e-06 -1.345971e-05 -1.501810e-05 -3.153648e-06 -4.456854e-06
-7.683959e-06 -4.775217e-06 -9.179037e-06 -1.042213e-05 -8.322269e-06
-4.713172e-06 -7.469151e-06 -5.843948e-06 -8.617362e-06 -1.044336e-05
-1.366431e-05 -1.072136e-05 -1.045913e-05 -9.537220e-06 -9.973313e-06
-1.046138e-05 -6.237400e-06 -9.528826e-06 -1.760750e-05 -8.915800e-06
-1.259414e-05 -6.294637e-06 -1.333310e-05 -9.444452e-06 -8.595496e-06
-3.700000e-07 -4.080000e-06 -5.100000e-07 -1.420000e-05 1.154000e-05
2.227492e-06 3.517678e-06 1.151678e-06 1.013473e-07 1.326605e-06
1.041566e-06 -3.053600e-06 -2.022382e-06 7.975973e-06 3.395099e-06
5.875366e-06 -2.347338e-06 2.818232e-06 3.346570e-07 -5.437382e-07
-4.861477e-06 -3.469352e-06 -7.524969e-06 5.155319e-06 -1.837264e-05
2.559945e-06 -2.348147e-07 5.946903e-06 2.593773e-06 1.799643e-06
1.228473e-06 -1.201105e-06 2.763943e-06 9.986660e-06 -2.241929e-06
8.346931e-06 1.953681e-06 2.726496e-06 1.619602e-06 2.570443e-06
-2.414854e-06 -2.870007e-07 -4.169957e-06 4.388199e-07 3.515965e-06
1.517899e-06 -1.309886e-06 3.256242e-06 3.905844e-06 1.471762e-06
2.578872e-06 7.496108e-06 1.066607e-05 -2.023940e-06 -2.465409e-06
1.884957e-06 2.223347e-06 4.428592e-06 5.329555e-06 6.116222e-06
-1.945995e-06 4.894490e-06 9.450068e-06 2.682714e-06 1.310462e-05
5.119288e-06 2.010528e-06 -1.052311e-06 1.022601e-06 1.187986e-06
7.842117e-06 6.595624e-06 4.265003e-06 -2.417038e-06 1.104706e-05
2.298782e-07 3.581868e-06 5.821667e-06 3.652206e-06 2.696835e-06
-3.602206e-06 3.841437e-06 1.126022e-05 9.528577e-06 5.017721e-06
6.555479e-06 4.008369e-06 2.633884e-06 3.437379e-06 5.120065e-06
9.318026e-06 -3.998940e-06 -4.772394e-06 7.393813e-06 3.913406e-06
6.364409e-06 8.638564e-06 3.465142e-06 -3.034946e-07 1.147480e-06
5.037730e-06 3.713359e-06 1.722800e-06 7.340639e-07 4.372761e-06
6.731093e-06 5.187924e-06 7.112519e-06 6.756675e-06 4.886330e-06
8.336694e-06 -1.375685e-06 -1.917466e-07 5.077424e-06 1.949820e-06
7.417579e-06 1.019841e-05 5.596516e-06 7.329437e-06 6.910533e-06
1.629130e-05 1.059658e-05 5.126257e-06 -6.741718e-06 -4.239562e-06
4.279967e-06 9.155283e-06 8.322737e-06 6.487287e-06 7.846231e-06
1.241992e-05 1.914167e-05 1.092928e-05 -2.062417e-06 1.712822e-05
2.674527e-06 5.919975e-06 8.561367e-06 1.342253e-05 1.102699e-05
1.441856e-05 1.503515e-05 1.515887e-05 1.512152e-05 7.114202e-06
3.626381e-06 1.019662e-05 1.002479e-05 9.696941e-06 1.155695e-05
1.098211e-05 2.869173e-05 2.190544e-05 1.541111e-05 2.852738e-07
5.611327e-06 4.492724e-06 8.043371e-06 1.090953e-05 1.210926e-05
5.810000e-06 6.940000e-06 2.870000e-06 3.466000e-05 3.797000e-05
7.428982e-06 7.694761e-06 1.286359e-05 1.146313e-05 7.082405e-06
-7.447869e-06 5.468153e-06 2.815493e-05 3.698498e-05 -2.504400e-06
1.573992e-05 8.351760e-06 1.007094e-05 8.545931e-06 9.781172e-06
6.425271e-06 -1.927061e-07 -5.529384e-06 9.348981e-06 3.526699e-06
1.279298e-05 8.629732e-06 1.228326e-05 1.208238e-05 1.240041e-05
-1.616716e-05 -2.242866e-05 1.262565e-06 1.136334e-05 4.484585e-05
2.423274e-05 1.675755e-05 1.786003e-05 9.613944e-06 7.480695e-06
1.728629e-05 9.084897e-06 3.020627e-05 -1.839591e-05 -3.008587e-05
1.879232e-05 1.543211e-05 9.606533e-06 1.473745e-05 1.997833e-05
2.040620e-05 -3.743981e-06 -3.031285e-05 -2.899122e-05 1.990676e-05
2.203573e-05 2.229585e-05 2.246123e-05 1.884534e-05 2.094814e-05
2.385803e-05 2.899361e-05 5.246269e-05 1.220719e-05 4.879876e-05
2.818049e-05 2.477937e-05 1.950002e-05 1.982260e-05 1.546805e-05
8.002668e-05 5.688640e-05 1.970916e-05 8.492529e-06 -3.562074e-05
1.948578e-05 2.415221e-05 2.172317e-05 2.766167e-05 3.210559e-05
2.007779e-05 4.062144e-05 5.300220e-06 5.744858e-05 7.591772e-05
2.910090e-05 3.041126e-05 3.327177e-05 2.769304e-05 2.497206e-05
8.811755e-05 8.693761e-05 1.077453e-04 9.214500e-05 5.449035e-05
2.618816e-05 2.718910e-05 2.640211e-05 3.086545e-05 2.667767e-05
2.536840e-05 3.673681e-05 -1.756561e-05 5.325597e-05 -1.732709e-05
3.380037e-05 3.656477e-05 4.048237e-05 3.786819e-05 4.388103e-05
1.417850e-05 4.047556e-05 7.612609e-05 7.729730e-05 1.253255e-04
4.711244e-05 4.738034e-05 4.641213e-05 4.574390e-05 4.148597e-05
6.962014e-05 5.024132e-05 8.219006e-05 4.190463e-05 -2.005035e-05
6.496106e-05 6.495829e-05 6.405918e-05 6.545902e-05 6.821223e-05
8.074291e-05 7.031220e-05 3.538340e-05 1.379201e-04 3.512085e-04
1.190829e-04 1.176294e-04 1.106981e-04 1.003042e-04 8.830328e-05
1.845639e-03 1.988185e-03 1.712431e-03 8.287229e-04 -1.822579e-04
1.493555e-04 1.723501e-04 1.936517e-04 2.211084e-04 2.425670e-04
1.303387e-02 1.949812e-02 2.527377e-02 3.000253e-02 3.169948e-02
-1.122125e-04 -1.175453e-04 -1.222942e-04 -1.308383e-04 -1.360194e-04
