0.0121032 3.54
0.0610756 3.60305
0.110048 3.65982
0.15902 3.7093
0.207993 3.75058
0.256965 3.78289
0.305938 3.80565
0.35491 3.81844
0.403883 3.82108
0.452855 3.81355
0.501828 3.79607
0.5508 3.769
0.599772 3.73289
0.648745 3.68843
0.697717 3.63646
0.74669 3.57788
0.795662 3.51369
0.844635 3.44494
0.893607 3.37269
0.942579 3.298
0.991552 3.22189
1.04052 3.14535
1.0895 3.06929
1.13847 2.99455
1.18744 2.92185
1.23641 2.85184
1.28539 2.78505
1.33436 2.72194
1.38333 2.66286
1.4323 2.60808
1.48128 2.55781
1.53025 2.5122
1.57922 2.47134
1.62819 2.43531
1.67717 2.40413
1.72614 2.37782
1.77511 2.35637
1.82408 2.33978
1.87306 2.32803
1.92203 2.32111
1.971 2.31902
2.01997 2.32174
2.06895 2.32928
2.11792 2.34165
2.16689 2.35886
2.21586 2.38092
2.26484 2.40783
2.31381 2.43961
2.36278 2.47623
2.41175 2.51767
2.46072 2.56388
2.5097 2.61477
2.55867 2.67019
2.60764 2.72996
2.65661 2.7938
2.70559 2.86137
2.75456 2.93222
2.80353 3.00583
2.8525 3.08153
2.90148 3.15856
2.95045 3.23606
2.99942 3.31304
3.04839 3.38845
3.09737 3.46117
3.14634 3.53006
3.19531 3.59395
3.24428 3.65173
3.29326 3.70237
3.34223 3.74494
3.3912 3.77864
3.44017 3.80286
3.48915 3.81716
3.53812 3.82134
3.58709 3.81533
3.63606 3.79932
3.68504 3.77366
3.73401 3.73886
3.78298 3.69561
3.83195 3.64471
3.88093 3.58706
3.9299 3.52365
3.97887 3.45552
4.02784 3.38372
4.07682 3.30933
4.12579 3.23337
4.17476 3.15684
4.22373 3.08065
4.2727 3.00246
4.32168 2.93255
4.37065 2.86216
4.41962 2.79486
4.46859 2.73117
4.51757 2.67146
4.56654 2.61602
4.61551 2.56506
4.66448 2.51875
4.71346 2.47717
4.76243 2.44042
4.8114 2.40851
4.86037 2.38146
4.90935 2.35929
4.95832 2.34196
5.00729 2.32948
5.05626 2.32184
5.10524 2.31902
5.15421 2.32102
5.20318 2.32784
5.25215 2.33949
5.30113 2.35597
5.3501 2.3773
5.39907 2.40348
5.44804 2.43452
5.49702 2.47042
5.54599 2.51114
5.59496 2.55664
5.64393 2.60683
5.69291 2.66158
5.74188 2.72071
5.79085 2.78396
5.83982 2.85099
5.8888 2.92138
5.93777 2.99779
5.98674 3.07011
6.03571 3.14694
6.08468 3.22442
6.13366 3.30155
6.18263 3.37726
6.2316 3.45046
