3.536298e-03 7.150000e-02
1.373492e-02 7.200000e-02
2.595493e-02 7.250000e-02
4.226857e-02 7.300000e-02
1.118958e-01 7.300000e-02
1.281779e-01 7.250000e-02
1.403533e-01 7.200000e-02
1.504943e-01 7.150000e-02
1.593563e-01 7.100000e-02
1.673170e-01 7.050000e-02
1.745974e-01 7.000000e-02
1.813402e-01 6.950000e-02
1.876440e-01 6.900000e-02
1.935804e-01 6.850000e-02
1.992031e-01 6.800000e-02
2.045541e-01 6.750000e-02
2.096665e-01 6.700000e-02
2.145672e-01 6.650000e-02
2.192786e-01 6.600000e-02
2.238191e-01 6.550000e-02
2.282046e-01 6.500000e-02
2.324485e-01 6.450000e-02
2.365625e-01 6.400000e-02
2.405567e-01 6.350000e-02
2.444402e-01 6.300000e-02
2.482207e-01 6.250000e-02
2.519054e-01 6.200000e-02
2.555005e-01 6.150000e-02
2.590117e-01 6.100000e-02
2.624440e-01 6.050000e-02
2.658022e-01 6.000000e-02
2.690903e-01 5.950000e-02
2.723123e-01 5.900000e-02
2.754717e-01 5.850000e-02
2.785717e-01 5.800000e-02
2.816153e-01 5.750000e-02
2.846051e-01 5.700000e-02
2.875439e-01 5.650000e-02
2.904338e-01 5.600000e-02
2.932770e-01 5.550000e-02
2.960757e-01 5.500000e-02
2.988316e-01 5.450000e-02
3.015465e-01 5.400000e-02
3.042219e-01 5.350000e-02
3.068595e-01 5.300000e-02
3.094606e-01 5.250000e-02
3.120264e-01 5.200000e-02
3.145583e-01 5.150000e-02
3.170573e-01 5.100000e-02
3.195245e-01 5.050000e-02
3.219607e-01 5.000000e-02
3.243670e-01 4.950000e-02
3.267442e-01 4.900000e-02
3.290929e-01 4.850000e-02
3.314140e-01 4.800000e-02
3.337080e-01 4.750000e-02
3.359755e-01 4.700000e-02
3.382171e-01 4.650000e-02
3.404332e-01 4.600000e-02
3.426242e-01 4.550000e-02
3.447906e-01 4.500000e-02
3.469327e-01 4.450000e-02
3.490508e-01 4.400000e-02
3.511452e-01 4.350000e-02
3.532160e-01 4.300000e-02
3.552634e-01 4.250000e-02
3.572877e-01 4.200000e-02
3.592889e-01 4.150000e-02
3.612671e-01 4.100000e-02
3.632224e-01 4.050000e-02
3.651548e-01 4.000000e-02
3.670644e-01 3.950000e-02
3.689510e-01 3.900000e-02
3.708148e-01 3.850000e-02
3.726557e-01 3.800000e-02
3.744736e-01 3.750000e-02
3.762685e-01 3.700000e-02
3.780403e-01 3.650000e-02
3.797890e-01 3.600000e-02
3.815145e-01 3.550000e-02
3.832167e-01 3.500000e-02
3.848958e-01 3.450000e-02
3.865516e-01 3.400000e-02
3.881841e-01 3.350000e-02
3.897935e-01 3.300000e-02
3.913797e-01 3.250000e-02
3.929430e-01 3.200000e-02
3.944835e-01 3.150000e-02
3.960015e-01 3.100000e-02
3.974972e-01 3.050000e-02
3.989711e-01 3.000000e-02
4.004237e-01 2.950000e-02
4.018555e-01 2.900000e-02
4.032673e-01 2.850000e-02
4.046599e-01 2.800000e-02
4.060343e-01 2.750000e-02
4.073916e-01 2.700000e-02
4.087332e-01 2.650000e-02
4.100606e-01 2.600000e-02
4.113755e-01 2.550000e-02
4.126800e-01 2.500000e-02
4.139764e-01 2.450000e-02
4.152672e-01 2.400000e-02
4.165553e-01 2.350000e-02
4.178441e-01 2.300000e-02
4.191373e-01 2.250000e-02
4.204391e-01 2.200000e-02
4.217542e-01 2.150000e-02
4.230877e-01 2.100000e-02
4.244458e-01 2.050000e-02
4.258350e-01 2.000000e-02
4.272628e-01 1.950000e-02
4.287374e-01 1.900000e-02
4.302683e-01 1.850000e-02
4.318674e-01 1.800000e-02
4.335421e-01 1.750000e-02
4.353086e-01 1.700000e-02
4.371845e-01 1.650000e-02
4.391825e-01 1.600000e-02
4.413229e-01 1.550000e-02
4.436271e-01 1.500000e-02
4.461197e-01 1.450000e-02
4.488281e-01 1.400000e-02
4.517842e-01 1.350000e-02
4.550243e-01 1.300000e-02
4.585900e-01 1.250000e-02
4.625299e-01 1.200000e-02
4.669000e-01 1.150000e-02
4.717661e-01 1.100000e-02
4.772058e-01 1.050000e-02
4.833110e-01 1.000000e-02
4.901918e-01 9.500000e-03
4.979813e-01 9.000000e-03
5.068420e-01 8.500000e-03
5.169751e-01 8.000000e-03
5.286330e-01 7.500000e-03
5.421375e-01 7.000000e-03
5.579069e-01 6.500000e-03
5.764969e-01 6.000000e-03
5.986659e-01 5.500000e-03
6.254805e-01 5.000000e-03
6.585178e-01 4.500000e-03
7.001990e-01 4.000000e-03
7.545643e-01 3.500000e-03
8.290702e-01 3.000000e-03
9.401356e-01 2.500000e-03
1.141632e+00 2.000000e-03
1.865126e+00 2.000000e-03
2.073724e+00 2.500000e-03
2.191736e+00 3.000000e-03
2.273038e+00 3.500000e-03
2.334054e+00 4.000000e-03
2.382244e+00 4.500000e-03
2.421648e+00 5.000000e-03
2.454697e+00 5.500000e-03
2.482964e+00 6.000000e-03
2.507521e+00 6.500000e-03
2.529128e+00 7.000000e-03
2.548342e+00 7.500000e-03
2.565586e+00 8.000000e-03
2.581181e+00 8.500000e-03
2.595384e+00 9.000000e-03
2.608397e+00 9.500000e-03
2.620384e+00 1.000000e-02
2.631481e+00 1.050000e-02
2.641800e+00 1.100000e-02
2.651435e+00 1.150000e-02
2.660465e+00 1.200000e-02
2.668957e+00 1.250000e-02
2.676971e+00 1.300000e-02
2.684556e+00 1.350000e-02
2.691756e+00 1.400000e-02
2.698608e+00 1.450000e-02
2.705148e+00 1.500000e-02
2.711404e+00 1.550000e-02
2.717402e+00 1.600000e-02
2.723166e+00 1.650000e-02
2.728716e+00 1.700000e-02
2.734072e+00 1.750000e-02
2.739250e+00 1.800000e-02
2.744264e+00 1.850000e-02
2.749130e+00 1.900000e-02
2.753858e+00 1.950000e-02
2.758460e+00 2.000000e-02
2.762945e+00 2.050000e-02
2.767324e+00 2.100000e-02
2.771605e+00 2.150000e-02
2.775794e+00 2.200000e-02
2.779899e+00 2.250000e-02
2.783926e+00 2.300000e-02
2.787882e+00 2.350000e-02
2.791770e+00 2.400000e-02
2.795597e+00 2.450000e-02
2.799365e+00 2.500000e-02
2.803081e+00 2.550000e-02
2.806746e+00 2.600000e-02
2.810365e+00 2.650000e-02
2.813941e+00 2.700000e-02
2.817476e+00 2.750000e-02
2.820974e+00 2.800000e-02
2.824436e+00 2.850000e-02
2.827865e+00 2.900000e-02
2.831264e+00 2.950000e-02
2.834633e+00 3.000000e-02
2.837975e+00 3.050000e-02
2.841291e+00 3.100000e-02
2.844584e+00 3.150000e-02
2.847854e+00 3.200000e-02
2.851102e+00 3.250000e-02
2.854331e+00 3.300000e-02
2.857541e+00 3.350000e-02
2.860733e+00 3.400000e-02
2.863909e+00 3.450000e-02
2.867069e+00 3.500000e-02
2.870214e+00 3.550000e-02
2.873346e+00 3.600000e-02
2.876465e+00 3.650000e-02
2.879572e+00 3.700000e-02
2.882667e+00 3.750000e-02
2.885753e+00 3.800000e-02
2.888828e+00 3.850000e-02
2.891895e+00 3.900000e-02
2.894954e+00 3.950000e-02
2.898006e+00 4.000000e-02
2.901051e+00 4.050000e-02
2.904090e+00 4.100000e-02
2.907124e+00 4.150000e-02
2.910154e+00 4.200000e-02
2.913181e+00 4.250000e-02
2.916205e+00 4.300000e-02
2.919227e+00 4.350000e-02
2.922248e+00 4.400000e-02
2.925268e+00 4.450000e-02
2.928290e+00 4.500000e-02
2.931312e+00 4.550000e-02
2.934337e+00 4.600000e-02
2.937365e+00 4.650000e-02
2.940398e+00 4.700000e-02
2.943436e+00 4.750000e-02
2.946479e+00 4.800000e-02
2.949531e+00 4.850000e-02
2.952590e+00 4.900000e-02
2.955659e+00 4.950000e-02
2.958738e+00 5.000000e-02
2.961830e+00 5.050000e-02
2.964934e+00 5.100000e-02
2.968053e+00 5.150000e-02
2.971188e+00 5.200000e-02
2.974340e+00 5.250000e-02
2.977511e+00 5.300000e-02
2.980702e+00 5.350000e-02
2.983915e+00 5.400000e-02
2.987152e+00 5.450000e-02
2.990415e+00 5.500000e-02
2.993706e+00 5.550000e-02
2.997027e+00 5.600000e-02
3.000379e+00 5.650000e-02
3.003766e+00 5.700000e-02
3.007190e+00 5.750000e-02
3.010654e+00 5.800000e-02
3.014160e+00 5.850000e-02
3.017712e+00 5.900000e-02
3.021313e+00 5.950000e-02
3.024966e+00 6.000000e-02
3.028677e+00 6.050000e-02
3.032448e+00 6.100000e-02
3.036285e+00 6.150000e-02
3.040193e+00 6.200000e-02
3.044178e+00 6.250000e-02
3.048246e+00 6.300000e-02
3.052403e+00 6.350000e-02
3.056659e+00 6.400000e-02
3.061022e+00 6.450000e-02
3.065502e+00 6.500000e-02
3.070111e+00 6.550000e-02
3.074863e+00 6.600000e-02
3.079772e+00 6.650000e-02
3.084859e+00 6.700000e-02
3.090144e+00 6.750000e-02
3.095655e+00 6.800000e-02
3.101426e+00 6.850000e-02
3.107497e+00 6.900000e-02
3.113923e+00 6.950000e-02
3.120775e+00 7.000000e-02
3.128152e+00 7.050000e-02
3.136196e+00 7.100000e-02
3.145129e+00 7.150000e-02
3.155328e+00 7.200000e-02
3.167548e+00 7.250000e-02
3.183861e+00 7.300000e-02
3.253488e+00 7.300000e-02
3.269771e+00 7.250000e-02
3.281946e+00 7.200000e-02
3.292087e+00 7.150000e-02
3.300949e+00 7.100000e-02
3.308910e+00 7.050000e-02
3.316190e+00 7.000000e-02
3.322933e+00 6.950000e-02
3.329237e+00 6.900000e-02
3.335173e+00 6.850000e-02
3.340796e+00 6.800000e-02
3.346147e+00 6.750000e-02
3.351259e+00 6.700000e-02
3.356160e+00 6.650000e-02
3.360871e+00 6.600000e-02
3.365412e+00 6.550000e-02
3.369797e+00 6.500000e-02
3.374041e+00 6.450000e-02
3.378155e+00 6.400000e-02
3.382149e+00 6.350000e-02
3.386033e+00 6.300000e-02
3.389813e+00 6.250000e-02
3.393498e+00 6.200000e-02
3.397093e+00 6.150000e-02
3.400604e+00 6.100000e-02
3.404037e+00 6.050000e-02
3.407395e+00 6.000000e-02
3.410683e+00 5.950000e-02
3.413905e+00 5.900000e-02
3.417064e+00 5.850000e-02
3.420164e+00 5.800000e-02
3.423208e+00 5.750000e-02
3.426198e+00 5.700000e-02
3.429137e+00 5.650000e-02
3.432026e+00 5.600000e-02
3.434870e+00 5.550000e-02
3.437668e+00 5.500000e-02
3.440424e+00 5.450000e-02
3.443139e+00 5.400000e-02
3.445815e+00 5.350000e-02
3.448452e+00 5.300000e-02
3.451053e+00 5.250000e-02
3.453619e+00 5.200000e-02
3.456151e+00 5.150000e-02
3.458650e+00 5.100000e-02
3.461117e+00 5.050000e-02
3.463553e+00 5.000000e-02
3.465960e+00 4.950000e-02
3.468337e+00 4.900000e-02
3.470686e+00 4.850000e-02
3.473007e+00 4.800000e-02
3.475301e+00 4.750000e-02
3.477568e+00 4.700000e-02
3.479810e+00 4.650000e-02
3.482026e+00 4.600000e-02
3.484217e+00 4.550000e-02
3.486383e+00 4.500000e-02
3.488525e+00 4.450000e-02
3.490643e+00 4.400000e-02
3.492738e+00 4.350000e-02
3.494809e+00 4.300000e-02
3.496856e+00 4.250000e-02
3.498880e+00 4.200000e-02
3.500882e+00 4.150000e-02
3.502860e+00 4.100000e-02
3.504815e+00 4.050000e-02
3.506747e+00 4.000000e-02
3.508657e+00 3.950000e-02
3.510544e+00 3.900000e-02
3.512407e+00 3.850000e-02
3.514248e+00 3.800000e-02
3.516066e+00 3.750000e-02
3.517861e+00 3.700000e-02
3.519633e+00 3.650000e-02
3.521382e+00 3.600000e-02
3.523107e+00 3.550000e-02
3.524809e+00 3.500000e-02
3.526488e+00 3.450000e-02
3.528144e+00 3.400000e-02
3.529777e+00 3.350000e-02
3.531386e+00 3.300000e-02
3.532972e+00 3.250000e-02
3.534536e+00 3.200000e-02
3.536076e+00 3.150000e-02
3.537594e+00 3.100000e-02
3.539090e+00 3.050000e-02
3.540564e+00 3.000000e-02
3.542016e+00 2.950000e-02
3.543448e+00 2.900000e-02
3.544860e+00 2.850000e-02
3.546253e+00 2.800000e-02
3.547627e+00 2.750000e-02
3.548984e+00 2.700000e-02
3.550326e+00 2.650000e-02
3.551653e+00 2.600000e-02
3.552968e+00 2.550000e-02
3.554273e+00 2.500000e-02
3.555569e+00 2.450000e-02
3.556860e+00 2.400000e-02
3.558148e+00 2.350000e-02
3.559437e+00 2.300000e-02
3.560730e+00 2.250000e-02
3.562032e+00 2.200000e-02
3.563347e+00 2.150000e-02
3.564680e+00 2.100000e-02
3.566038e+00 2.050000e-02
3.567428e+00 2.000000e-02
3.568855e+00 1.950000e-02
3.570330e+00 1.900000e-02
3.571861e+00 1.850000e-02
3.573460e+00 1.800000e-02
3.575135e+00 1.750000e-02
3.576901e+00 1.700000e-02
3.578777e+00 1.650000e-02
3.580775e+00 1.600000e-02
3.582916e+00 1.550000e-02
3.585220e+00 1.500000e-02
3.587712e+00 1.450000e-02
3.590421e+00 1.400000e-02
3.593377e+00 1.350000e-02
3.596617e+00 1.300000e-02
3.600183e+00 1.250000e-02
3.604123e+00 1.200000e-02
3.608493e+00 1.150000e-02
3.613359e+00 1.100000e-02
3.618798e+00 1.050000e-02
3.624904e+00 1.000000e-02
3.631784e+00 9.500000e-03
3.639574e+00 9.000000e-03
3.648435e+00 8.500000e-03
3.658568e+00 8.000000e-03
3.670226e+00 7.500000e-03
3.683730e+00 7.000000e-03
3.699500e+00 6.500000e-03
3.718090e+00 6.000000e-03
3.740259e+00 5.500000e-03
3.767073e+00 5.000000e-03
3.800110e+00 4.500000e-03
3.841792e+00 4.000000e-03
3.896157e+00 3.500000e-03
3.970663e+00 3.000000e-03
4.081728e+00 2.500000e-03
4.283225e+00 2.000000e-03
5.006718e+00 2.000000e-03
5.215316e+00 2.500000e-03
5.333328e+00 3.000000e-03
5.414631e+00 3.500000e-03
5.475647e+00 4.000000e-03
5.523837e+00 4.500000e-03
5.563241e+00 5.000000e-03
5.596290e+00 5.500000e-03
5.624557e+00 6.000000e-03
5.649114e+00 6.500000e-03
5.670720e+00 7.000000e-03
5.689935e+00 7.500000e-03
5.707178e+00 8.000000e-03
5.722774e+00 8.500000e-03
5.736977e+00 9.000000e-03
5.749989e+00 9.500000e-03
5.761977e+00 1.000000e-02
5.773074e+00 1.050000e-02
5.783393e+00 1.100000e-02
5.793028e+00 1.150000e-02
5.802057e+00 1.200000e-02
5.810550e+00 1.250000e-02
5.818564e+00 1.300000e-02
5.826149e+00 1.350000e-02
5.833348e+00 1.400000e-02
5.840201e+00 1.450000e-02
5.846741e+00 1.500000e-02
5.852996e+00 1.550000e-02
5.858994e+00 1.600000e-02
5.864758e+00 1.650000e-02
5.870308e+00 1.700000e-02
5.875665e+00 1.750000e-02
5.880843e+00 1.800000e-02
5.885857e+00 1.850000e-02
5.890722e+00 1.900000e-02
5.895450e+00 1.950000e-02
5.900052e+00 2.000000e-02
5.904538e+00 2.050000e-02
5.908917e+00 2.100000e-02
5.913197e+00 2.150000e-02
5.917387e+00 2.200000e-02
5.921492e+00 2.250000e-02
5.925519e+00 2.300000e-02
5.929474e+00 2.350000e-02
5.933363e+00 2.400000e-02
5.937189e+00 2.450000e-02
5.940958e+00 2.500000e-02
5.944673e+00 2.550000e-02
5.948339e+00 2.600000e-02
5.951958e+00 2.650000e-02
5.955533e+00 2.700000e-02
5.959069e+00 2.750000e-02
5.962566e+00 2.800000e-02
5.966029e+00 2.850000e-02
5.969458e+00 2.900000e-02
5.972856e+00 2.950000e-02
5.976225e+00 3.000000e-02
5.979568e+00 3.050000e-02
5.982884e+00 3.100000e-02
5.986176e+00 3.150000e-02
5.989446e+00 3.200000e-02
5.992695e+00 3.250000e-02
5.995924e+00 3.300000e-02
5.999134e+00 3.350000e-02
6.002326e+00 3.400000e-02
6.005501e+00 3.450000e-02
6.008661e+00 3.500000e-02
6.011807e+00 3.550000e-02
6.014939e+00 3.600000e-02
6.018057e+00 3.650000e-02
6.021164e+00 3.700000e-02
6.024260e+00 3.750000e-02
6.027345e+00 3.800000e-02
6.030421e+00 3.850000e-02
6.033488e+00 3.900000e-02
6.036547e+00 3.950000e-02
6.039598e+00 4.000000e-02
6.042643e+00 4.050000e-02
6.045683e+00 4.100000e-02
6.048717e+00 4.150000e-02
6.051747e+00 4.200000e-02
6.054774e+00 4.250000e-02
6.057797e+00 4.300000e-02
6.060819e+00 4.350000e-02
6.063840e+00 4.400000e-02
6.066861e+00 4.450000e-02
6.069882e+00 4.500000e-02
6.072905e+00 4.550000e-02
6.075930e+00 4.600000e-02
6.078958e+00 4.650000e-02
6.081991e+00 4.700000e-02
6.085028e+00 4.750000e-02
6.088072e+00 4.800000e-02
6.091123e+00 4.850000e-02
6.094183e+00 4.900000e-02
6.097252e+00 4.950000e-02
6.100331e+00 5.000000e-02
6.103422e+00 5.050000e-02
6.106527e+00 5.100000e-02
6.109646e+00 5.150000e-02
6.112780e+00 5.200000e-02
6.115932e+00 5.250000e-02
6.119103e+00 5.300000e-02
6.122295e+00 5.350000e-02
6.125508e+00 5.400000e-02
6.128745e+00 5.450000e-02
6.132008e+00 5.500000e-02
6.135299e+00 5.550000e-02
6.138619e+00 5.600000e-02
6.141972e+00 5.650000e-02
6.145359e+00 5.700000e-02
6.148783e+00 5.750000e-02
6.152246e+00 5.800000e-02
6.155752e+00 5.850000e-02
6.159304e+00 5.900000e-02
6.162905e+00 5.950000e-02
6.166559e+00 6.000000e-02
6.170269e+00 6.050000e-02
6.174041e+00 6.100000e-02
6.177878e+00 6.150000e-02
6.181786e+00 6.200000e-02
6.185771e+00 6.250000e-02
6.189838e+00 6.300000e-02
6.193996e+00 6.350000e-02
6.198252e+00 6.400000e-02
6.202615e+00 6.450000e-02
6.207095e+00 6.500000e-02
6.211704e+00 6.550000e-02
6.216455e+00 6.600000e-02
6.221365e+00 6.650000e-02
6.226451e+00 6.700000e-02
6.231737e+00 6.750000e-02
6.237248e+00 6.800000e-02
6.243018e+00 6.850000e-02
6.249090e+00 6.900000e-02
6.255515e+00 6.950000e-02
6.262368e+00 7.000000e-02
6.269745e+00 7.050000e-02
6.277789e+00 7.100000e-02
