8.828190134352099e-03 4.48
3.012966352282742e-02 4.46
5.053176937579984e-02 4.44
7.018030276989684e-02 4.42
8.919114508138293e-02 4.4
1.076601551777818e-01 4.38
1.256622169163055e-01 4.36
1.432572681235911e-01 4.34
1.605051977911796e-01 4.32
1.774499622453316e-01 4.3
1.941295426401970e-01 4.28
2.105838576570278e-01 4.26
2.268468590714257e-01 4.24
2.429365644487342e-01 4.22
2.588889012969400e-01 4.2
2.747268422069196e-01 4.18
2.904683822789469e-01 4.16
3.061355321334620e-01 4.14
3.217511969394913e-01 4.12
3.373294445663024e-01 4.1
3.528912423033095e-01 4.08
3.684505472896937e-01 4.06
3.840353685702160e-01 4.04
3.996507097645647e-01 4.02
4.153185891826006e-01 4
4.310569571016689e-01 3.98
4.468858016823694e-01 3.96
4.628172061691354e-01 3.94
4.788760845023381e-01 3.92
4.950804914347433e-01 3.9
5.114504318886635e-01 3.88
5.280079088307197e-01 3.86
5.447799243392497e-01 3.84
5.617914828287631e-01 3.82
5.790696240670101e-01 3.8
5.966503594298018e-01 3.78
6.145637203007395e-01 3.76
6.328517333747445e-01 3.74
6.515614089646231e-01 3.72
6.707428087699618e-01 3.7
6.904549876596704e-01 3.68
7.107680072870597e-01 3.66
7.317899094895504e-01 3.64
7.535597876202518e-01 3.62
7.762637758724882e-01 3.6
8.000410236995528e-01 3.58
8.250966522953735e-01 3.56
8.517029888966086e-01 3.54
8.802383136864176e-01 3.52
9.112621220801920e-01 3.5
9.456412743580334e-01 3.48
9.848880445967643e-01 3.46
1.032143252913092e+00 3.44
1.096679213013169e+00 3.42
1.332811766959158e+00 3.42
1.397584446414352e+00 3.44
1.445091402442982e+00 3.46
1.484601898579026e+00 3.48
1.519263726546815e+00 3.5
1.550577242668179e+00 3.52
1.579418252093927e+00 3.54
1.606350222926834e+00 3.56
1.631738517831483e+00 3.58
1.655864364190712e+00 3.6
1.678929961731932e+00 3.62
1.701102423121307e+00 3.64
1.722495848139534e+00 3.66
1.743217347303592e+00 3.68
1.763353994893791e+00 3.7
1.782971816868249e+00 3.72
1.802135874363481e+00 3.74
1.820893193447755e+00 3.76
1.839290821490073e+00 3.78
1.857369354947581e+00 3.8
1.875164212820562e+00 3.82
1.892705093191410e+00 3.84
1.910023026731347e+00 3.86
1.927145438522667e+00 3.88
1.944093874677620e+00 3.9
1.960888592900292e+00 3.92
1.977556356111627e+00 3.94
1.994115208851105e+00 3.96
2.010582777917822e+00 3.98
2.026978067586549e+00 4
2.026979849598292e+00 4
2.043321530170146e+00 4.02
2.059628585616067e+00 4.04
2.075914344805160e+00 4.06
2.092198973681294e+00 4.08
2.108499262812133e+00 4.1
2.124830525383405e+00 4.12
2.141214034072910e+00 4.14
2.157669320582921e+00 4.16
2.174211550140005e+00 4.18
2.190864452283420e+00 4.2
2.207651572297547e+00 4.22
2.224594336961857e+00 4.24
2.241717630031682e+00 4.26
2.259052844642111e+00 4.28
2.276631169011018e+00 4.3
2.294486566455121e+00 4.32
2.312660195704562e+00 4.34
2.331198251950718e+00 4.36
2.350154698466729e+00 4.38
2.369593348445954e+00 4.4
2.389590351578861e+00 4.42
2.410240182439851e+00 4.44
2.431656722311109e+00 4.46
2.453988632121963e+00 4.48
2.477428856692005e+00 4.5
2.502241547762864e+00 4.52
2.528796099920908e+00 4.54
2.557660210245897e+00 4.56
2.589749022896033e+00 4.58
2.626773938688294e+00 4.6
2.672748385167333e+00 4.62
2.745047371891085e+00 4.64
2.868086043095472e+00 4.64
2.939246734773429e+00 4.62
2.984097764994757e+00 4.6
3.020010998081834e+00 4.58
3.051004232063260e+00 4.56
3.078786183809392e+00 4.54
3.104268702101519e+00 4.52
3.128024963710855e+00 4.5
3.150420497313938e+00 4.48
3.171721970702413e+00 4.46
3.192124076555386e+00 4.44
3.211772609949484e+00 4.42
3.230783452260969e+00 4.4
3.249253462357368e+00 4.38
3.267254524095891e+00 4.36
3.284849575303177e+00 4.34
3.302097504970766e+00 4.32
3.319042269424918e+00 4.3
3.335721849819783e+00 4.28
3.352179135384713e+00 4.26
3.368439166251012e+00 4.24
3.384529871628320e+00 4.22
3.400482208476527e+00 4.2
3.416320149386506e+00 4.18
3.432061689458533e+00 4.16
3.447727839313048e+00 4.14
3.463341533537406e+00 4.12
3.478922751745888e+00 4.1
3.494483549482895e+00 4.08
3.510046854469280e+00 4.06
3.525627675749802e+00 4.04
3.541244016944151e+00 4.02
3.556910896362186e+00 4
3.556912878590704e+00 4
3.572650264281255e+00 3.98
3.588479108861955e+00 3.96
3.604409513348721e+00 3.94
3.620468391681924e+00 3.92
3.636673798614330e+00 3.9
3.653041739068250e+00 3.88
3.669600216010307e+00 3.86
3.686373231518836e+00 3.84
3.703383790008350e+00 3.82
3.720662931246597e+00 3.8
3.738242666609388e+00 3.78
3.756156027480326e+00 3.76
3.774446040554331e+00 3.74
3.793153716144209e+00 3.72
3.812335115949548e+00 3.7
3.832047294839257e+00 3.68
3.852361314466645e+00 3.66
3.873362216669137e+00 3.64
3.895153094799838e+00 3.62
3.917857083052074e+00 3.6
3.941634301590950e+00 3.58
3.966687959474960e+00 3.56
3.993295296076194e+00 3.54
4.021831620866004e+00 3.52
4.052854429259778e+00 3.5
4.087233581537619e+00 3.48
4.126480351776350e+00 3.46
4.173734560092679e+00 3.44
4.238271520192755e+00 3.42
4.474408074138744e+00 3.42
4.539176753593938e+00 3.44
4.586684709622568e+00 3.46
4.626194205758612e+00 3.48
4.660856033726402e+00 3.5
4.692170549847765e+00 3.52
4.721011559273514e+00 3.54
4.747942530106420e+00 3.56
4.773331825011069e+00 3.58
4.797456671370298e+00 3.6
4.820523268911518e+00 3.62
4.842694730300893e+00 3.64
4.864088155319119e+00 3.66
4.884809654483177e+00 3.68
4.904946302073377e+00 3.7
4.924564124047836e+00 3.72
4.943728181543068e+00 3.74
4.962485500627342e+00 3.76
4.980883128669659e+00 3.78
4.998962096947581e+00 3.8
5.016756402820562e+00 3.82
5.034297093191411e+00 3.84
5.051616156731347e+00 3.86
5.068738588522667e+00 3.88
5.085686444677620e+00 3.9
5.102481692900293e+00 3.92
5.119149356111627e+00 3.94
5.135707408851105e+00 3.96
5.152175877917822e+00 3.98
5.168570767586549e+00 4
5.168572749598292e+00 4
5.184914030170146e+00 4.02
5.201221685616067e+00 4.04
5.217506744805160e+00 4.06
5.233791173681293e+00 4.08
5.250091962812133e+00 4.1
5.266423125383406e+00 4.12
5.282806634072911e+00 4.14
5.299261420582921e+00 4.16
5.315804550140005e+00 4.18
5.332456952283421e+00 4.2
5.349244572297547e+00 4.22
5.366187436961857e+00 4.24
5.383310530031682e+00 4.26
5.400645744642111e+00 4.28
5.418224069011018e+00 4.3
5.436079466455121e+00 4.32
5.454251895704561e+00 4.34
5.472791251950718e+00 4.36
5.491747498466728e+00 4.38
5.511185548445954e+00 4.4
5.531183251578861e+00 4.42
5.551832482439851e+00 4.44
5.573250122311109e+00 4.46
5.595581932121964e+00 4.48
5.619021656692005e+00 4.5
5.643833947762864e+00 4.52
5.670388299920909e+00 4.54
5.699252910245897e+00 4.56
5.731341622896033e+00 4.58
5.768366138688294e+00 4.6
5.814341285167333e+00 4.62
5.886637871891085e+00 4.64
6.009680043095472e+00 4.64
6.080839734773429e+00 4.62
6.125690764994757e+00 4.6
6.161603998081834e+00 4.58
6.192596232063260e+00 4.56
6.220378183809392e+00 4.54
6.245860702101519e+00 4.52
6.269617963710855e+00 4.5
