0.00750284 6.26
0.0564772 6.19046
0.105452 6.11878
0.154426 6.04562
0.2034 5.97165
0.252375 5.89978
0.301349 5.82835
0.350324 5.75906
0.399298 5.69268
0.448272 5.62988
0.497247 5.57129
0.546221 5.51747
0.595196 5.46891
0.64417 5.42603
0.693144 5.38919
0.742119 5.3587
0.791093 5.33479
0.840068 5.31765
0.889042 5.30744
0.938016 5.30414
0.986991 5.30773
1.03597 5.31816
1.08494 5.33536
1.13391 5.35908
1.18289 5.38902
1.23186 5.42478
1.28084 5.46591
1.32981 5.51185
1.37879 5.56199
1.42776 5.61566
1.47673 5.67213
1.52571 5.73072
1.57468 5.79071
1.62366 5.85149
1.67263 5.91249
1.72161 5.97324
1.77058 6.03334
1.81956 6.09249
1.86853 6.15043
1.9175 6.20695
1.96648 6.26184
2.01545 6.3149
2.06443 6.36589
2.1134 6.41454
2.16238 6.46054
2.21135 6.50351
2.26033 6.54306
2.3093 6.57875
2.35827 6.61009
2.40725 6.6366
2.45622 6.65782
2.5052 6.67326
2.55417 6.68249
2.60315 6.68516
2.65212 6.68099
2.70109 6.66973
2.75007 6.65127
2.79904 6.62564
2.84802 6.59294
2.89699 6.55342
2.94597 6.50743
2.99494 6.45547
3.04392 6.39812
3.09289 6.33605
3.14186 6.27003
3.19084 6.20089
3.23981 6.12947
3.28879 6.05667
3.33776 5.98338
3.38674 5.91046
3.43571 5.83878
3.48469 5.76913
3.53366 5.70227
3.58263 5.6389
3.63161 5.57966
3.68058 5.5251
3.72956 5.47573
3.77853 5.43199
3.82751 5.39424
3.87648 5.3628
3.92545 5.3379
3.97443 5.31975
4.0234 5.30851
4.07238 5.3042
4.12135 5.30677
4.17033 5.31619
4.2193 5.3324
4.26828 5.35518
4.31725 5.38422
4.36622 5.41915
4.4152 5.45952
4.46417 5.50479
4.51315 5.55435
4.56212 5.60754
4.6111 5.66364
4.66007 5.72196
4.70905 5.78179
4.75802 5.84249
4.80699 5.9035
4.85597 5.96392
4.90494 6.02531
4.95392 6.08381
5.00289 6.14196
5.05187 6.1987
5.10084 6.25384
5.14981 6.30719
5.19879 6.3585
5.24776 6.40751
5.29674 6.45392
5.34571 6.49737
5.39469 6.53746
5.44366 6.57374
5.49264 6.60575
5.54161 6.63301
5.59058 6.65503
5.63956 6.67136
5.68853 6.68154
5.73751 6.68519
5.78648 6.68205
5.83546 6.67184
5.88443 6.65445
5.9334 6.62987
5.98238 6.5982
6.03135 6.55967
6.08033 6.51461
6.1293 6.4635
6.17828 6.4069
6.22725 6.34548
