0.0338531 1.24
0.0826507 1.26418
0.131448 1.28536
0.180246 1.30311
0.229043 1.31693
0.277841 1.32634
0.326638 1.33117
0.375436 1.33142
0.424234 1.32708
0.473031 1.31815
0.521829 1.30477
0.570626 1.28741
0.619424 1.26653
0.668221 1.24264
0.717019 1.21629
0.765817 1.18804
0.814614 1.15846
0.863412 1.12807
0.912209 1.09736
0.961007 1.06677
1.0098 1.03668
1.0586 1.0074
1.1074 0.979195
1.1562 0.952278
1.20499 0.926806
1.25379 0.902899
1.30259 0.880638
1.35139 0.860078
1.40018 0.841248
1.44898 0.824163
1.49778 0.80882
1.54658 0.795211
1.59538 0.783317
1.64417 0.773126
1.69297 0.76461
1.74177 0.75774
1.79057 0.752496
1.83936 0.748877
1.88816 0.746883
1.93696 0.746512
1.98576 0.747765
2.03455 0.750642
2.08335 0.755141
2.13215 0.761264
2.18095 0.769017
2.22974 0.778429
2.27854 0.789527
2.32734 0.802331
2.37614 0.816856
2.42493 0.833115
2.47373 0.851111
2.52253 0.87084
2.57133 0.89228
2.62012 0.915389
2.66892 0.940098
2.71772 0.966309
2.76652 0.993881
2.81531 1.02263
2.86411 1.05233
2.91291 1.08268
2.96171 1.11334
3.0105 1.1439
3.0593 1.17391
3.1081 1.20284
3.1569 1.23016
3.20569 1.25529
3.25449 1.27769
3.30329 1.2968
3.35209 1.31217
3.40088 1.32331
3.44968 1.32988
3.49848 1.33187
3.54728 1.32927
3.59608 1.32208
3.64487 1.31035
3.69367 1.29445
3.74247 1.27485
3.79127 1.25204
3.84006 1.22656
3.88886 1.19897
3.93766 1.16983
3.98646 1.13968
4.03525 1.10905
4.08405 1.07837
4.13285 1.04781
4.18165 1.01795
4.23044 0.992975
4.27924 0.96213
4.32804 0.93625
4.37684 0.911819
4.42563 0.888896
4.47443 0.867692
4.52323 0.8482
4.57203 0.830452
4.62082 0.814447
4.66962 0.800181
4.71842 0.787637
4.76722 0.776801
4.81601 0.767652
4.86481 0.76016
4.91361 0.754298
4.96241 0.750062
5.0112 0.74745
5.06 0.746462
5.1088 0.747098
5.1576 0.749358
5.20639 0.75324
5.25519 0.758746
5.30399 0.765876
5.35279 0.774654
5.40158 0.785108
5.45038 0.797263
5.49918 0.811132
5.54798 0.82673
5.59677 0.844065
5.64557 0.863138
5.69437 0.883931
5.74317 0.906412
5.79197 0.930523
5.84076 0.956177
5.88956 0.983251
5.93836 1.01158
5.98716 1.04095
6.03595 1.07109
6.08475 1.10168
6.13355 1.13233
6.18235 1.1626
6.23114 1.19201
