0.00383835 5.28
0.0528529 5.38405
0.101868 5.48514
0.150882 5.58189
0.199897 5.67293
0.248911 5.757
0.297926 5.83289
0.346941 5.89956
0.395955 5.95612
0.44497 6.00187
0.493984 6.03631
0.542999 6.05914
0.592014 6.07021
0.641028 6.06969
0.690043 6.0578
0.739057 6.03489
0.788072 6.00149
0.837087 5.95822
0.886101 5.90575
0.935116 5.84484
0.98413 5.77624
1.03314 5.70076
1.08216 5.61921
1.13117 5.53243
1.18019 5.44127
1.2292 5.34661
1.27822 5.24936
1.32723 5.15045
1.37625 5.05084
1.42526 4.95151
1.47428 4.85345
1.52329 4.75761
1.57231 4.66493
1.62132 4.57628
1.67033 4.49244
1.71935 4.41409
1.76836 4.34184
1.81738 4.27618
1.86639 4.21749
1.91541 4.1661
1.96442 4.12223
2.01344 4.08605
2.06245 4.05769
2.11147 4.03721
2.16048 4.02468
2.2095 4.0201
2.25851 4.02346
2.30752 4.03476
2.35654 4.05398
2.40555 4.08109
2.45457 4.11601
2.50358 4.15864
2.5526 4.20889
2.60161 4.26657
2.65063 4.33148
2.69964 4.40334
2.74866 4.48179
2.79767 4.56639
2.84669 4.6566
2.8957 4.75174
2.94471 4.85104
2.99373 4.9536
3.04274 5.05839
3.09176 5.16427
3.14077 5.27001
3.18979 5.37426
3.2388 5.47569
3.28782 5.57292
3.33683 5.66457
3.38585 5.74934
3.43486 5.82606
3.48387 5.89364
3.53289 5.95119
3.5819 5.998
3.63092 6.03353
3.67993 6.05747
3.72895 6.06966
3.77796 6.07023
3.82698 6.05942
3.87599 6.03752
3.92501 6.0051
3.97402 5.96274
4.02304 5.91111
4.07205 5.85097
4.12106 5.78307
4.17008 5.70821
4.21909 5.6272
4.26811 5.54088
4.31712 5.4501
4.36614 5.35574
4.41515 5.25869
4.46417 5.15989
4.51318 5.06031
4.5622 4.96091
4.61121 4.86269
4.66023 4.7666
4.70924 4.67358
4.75825 4.58451
4.80727 4.50018
4.85628 4.42128
4.9053 4.34843
4.95431 4.28213
5.00333 4.22276
5.05234 4.17066
5.10136 4.12607
5.15037 4.08916
5.19939 4.06005
5.2484 4.03882
5.29741 4.02553
5.34643 4.02019
5.39544 4.0228
5.44446 4.03334
5.49347 4.05182
5.54249 4.07818
5.5915 4.11235
5.64052 4.15426
5.68953 4.20379
5.73855 4.26077
5.78756 4.325
5.83658 4.39622
5.88559 4.47407
5.9346 4.55811
5.98362 4.6478
6.03263 4.74251
6.08165 4.84145
6.13066 4.94374
6.17968 5.04837
6.22869 5.1542
