0.00276146 3.26
0.0516913 3.21013
0.100621 3.15885
0.149551 3.10681
0.198481 3.05462
0.247411 3.00283
0.29634 2.95197
0.34527 2.90253
0.3942 2.85491
0.44313 2.8095
0.49206 2.76661
0.540989 2.72652
0.589919 2.68945
0.638849 2.6556
0.687779 2.62512
0.736709 2.59814
0.785638 2.57475
0.834568 2.55504
0.883498 2.53906
0.932428 2.52685
0.981358 2.51844
1.03029 2.51386
1.07922 2.51312
1.12815 2.5162
1.17708 2.52311
1.22601 2.53383
1.27494 2.54833
1.32387 2.56658
1.3728 2.5885
1.42173 2.61402
1.47066 2.64306
1.51959 2.67548
1.56852 2.71113
1.61745 2.74983
1.66638 2.79134
1.7153 2.83542
1.76423 2.88174
1.81316 2.92996
1.86209 2.97967
1.91102 3.03044
1.95995 3.08178
2.00888 3.13316
2.05781 3.18405
2.10674 3.23386
2.15567 3.28199
2.2046 3.32785
2.25353 3.37085
2.30246 3.41039
2.35139 3.44594
2.40032 3.47695
2.44925 3.50298
2.49818 3.5236
2.54711 3.53849
2.59604 3.54732
2.64497 3.55001
2.6939 3.54652
2.74283 3.53682
2.79176 3.521
2.84069 3.49933
2.88962 3.47213
2.93855 3.43981
2.98748 3.40287
3.03641 3.36185
3.08534 3.31737
3.13427 3.27005
3.1832 3.22054
3.23213 3.1695
3.28106 3.11757
3.32999 3.06542
3.37892 3.01122
3.42785 2.96215
3.47678 2.9126
3.52571 2.86456
3.57464 2.81866
3.62357 2.77523
3.6725 2.73454
3.72143 2.69683
3.77036 2.66231
3.81929 2.63112
3.86822 2.60341
3.91715 2.57928
3.96608 2.5588
4.01501 2.54204
4.06394 2.52905
4.11287 2.51986
4.1618 2.51449
4.21073 2.51296
4.25966 2.51525
4.30858 2.52137
4.35751 2.53131
4.40644 2.54504
4.45537 2.56251
4.5043 2.58368
4.55323 2.60847
4.60216 2.63679
4.65109 2.66853
4.70002 2.70353
4.74895 2.74161
4.79788 2.78257
4.84681 2.82614
4.89574 2.87203
4.94467 2.91988
4.9936 2.96849
5.04253 3.01988
5.09146 3.07123
5.14039 3.12259
5.18932 3.17363
5.23825 3.22371
5.28718 3.27224
5.33611 3.31862
5.38504 3.36225
5.43397 3.40255
5.4829 3.43896
5.53183 3.47095
5.58076 3.49804
5.62969 3.51981
5.67862 3.5359
5.72755 3.546
5.77648 3.54996
5.82541 3.54775
5.87434 3.53933
5.92327 3.52475
5.9722 3.50426
6.02113 3.47817
6.07006 3.44687
6.11899 3.41083
6.16792 3.37061
6.21685 3.32679
