7.684227227761298e-03 3.42
3.321160121440947e-02 3.4
5.743966303227577e-02 3.38
8.061716148800802e-02 3.36
1.029448818084884e-01 3.34
1.245677324328636e-01 3.32
1.456075572774438e-01 3.3
1.661583045296648e-01 3.28
1.862978987726605e-01 3.26
2.060962487901490e-01 3.24
2.256073455524241e-01 3.22
2.448841515873834e-01 3.2
2.639755932046892e-01 3.18
2.829186392816929e-01 3.16
3.017522935429282e-01 3.14
3.205125391013048e-01 3.12
3.392263614111277e-01 3.1
3.579297303595697e-01 3.08
3.766566022752125e-01 3.06
3.954310257084686e-01 3.04
4.142819902673907e-01 3.02
4.332424647396991e-01 3
4.523434625904148e-01 2.98
4.716159841311693e-01 2.96
4.910900362484902e-01 2.94
5.108095967136208e-01 2.92
5.308037383354822e-01 2.9
5.511154169090702e-01 2.88
5.717916760739730e-01 2.86
5.928855007642788e-01 2.84
6.144449784342756e-01 2.82
6.365430935827190e-01 2.8
6.592518897588953e-01 2.78
6.826584542675471e-01 2.76
7.068697716237207e-01 2.74
7.320119728454202e-01 2.72
7.582411443571786e-01 2.7
7.857584019590274e-01 2.68
8.148248688620185e-01 2.66
8.457908200707305e-01 2.64
8.791485169125632e-01 2.62
9.156424011435851e-01 2.6
9.564642486687056e-01 2.58
1.003813364766476e+00 2.56
1.062683832138793e+00 2.54
1.152741508214865e+00 2.52
1.340663795149734e+00 2.52
1.430823998341270e+00 2.54
1.489801968688936e+00 2.56
1.537268587528665e+00 2.58
1.578217923174421e+00 2.6
1.614845309935205e+00 2.62
1.648348479916847e+00 2.64
1.679459890401637e+00 2.66
1.708686830114011e+00 2.68
1.736370546240471e+00 2.7
1.762776146767798e+00 2.72
1.788103776520014e+00 2.74
1.812505522910971e+00 2.76
1.836116457232594e+00 2.78
1.859032652829320e+00 2.8
1.881349108631616e+00 2.82
1.903140842917357e+00 2.84
1.924468478447880e+00 2.86
1.945390668649305e+00 2.88
1.965957479046413e+00 2.9
1.986214602607430e+00 2.92
2.006202684888539e+00 2.94
2.025961970591697e+00 2.96
2.045524239760852e+00 2.98
2.064924526777690e+00 3
2.064925036184931e+00 3
2.084196359562829e+00 3.02
2.103365553811348e+00 3.04
2.122466752328757e+00 3.06
2.141526794346306e+00 3.08
2.160576259807613e+00 3.1
2.179648304132211e+00 3.12
2.198770057211854e+00 3.14
2.217975503639747e+00 3.16
2.237302171924153e+00 3.18
2.256784558114594e+00 3.2
2.276464563109302e+00 3.22
2.296388584886793e+00 3.24
2.316604160428494e+00 3.26
2.337172980707971e+00 3.28
2.358160219566356e+00 3.3
2.379647846796302e+00 3.32
2.401728554873164e+00 3.34
2.424524047977152e+00 3.36
2.448178570576881e+00 3.38
2.472887368187411e+00 3.4
2.498907322386112e+00 3.42
2.526598390569121e+00 3.44
2.556495893150515e+00 3.46
2.589453785927379e+00 3.48
2.627008495181702e+00 3.5
2.672515731858701e+00 3.52
2.737515957523361e+00 3.54
2.913824879997410e+00 3.54
2.978279857388576e+00 3.52
3.023245935580758e+00 3.5
3.060271762550519e+00 3.48
3.092706304342927e+00 3.46
3.122093151004019e+00 3.44
3.149277534407347e+00 3.42
3.174804908393996e+00 3.4
3.199029970211862e+00 3.38
3.222209468667594e+00 3.36
3.244537188988074e+00 3.34
3.266161039612451e+00 3.32
3.287200864457031e+00 3.3
3.307751611709251e+00 3.28
3.327890205952246e+00 3.26
3.347688555969735e+00 3.24
3.367200652732009e+00 3.22
3.386477458766969e+00 3.2
3.405567900384275e+00 3.18
3.424510946461279e+00 3.16
3.443345600722514e+00 3.14
3.462104846280891e+00 3.12
3.480818668590714e+00 3.1
3.499524037539156e+00 3.08
3.518248909454798e+00 3.06
3.537022362045074e+00 3.04
3.555875297446977e+00 3.02
3.574834771919286e+00 3
3.574835781447415e+00 3
3.593936769770001e+00 2.98
3.613208291310755e+00 2.96
3.632685343428077e+00 2.94
3.652401903893207e+00 2.92
3.672396045515068e+00 2.9
3.692707724088655e+00 2.88
3.713382983253558e+00 2.86
3.734476807943865e+00 2.84
3.756037285613862e+00 2.82
3.778134400762306e+00 2.8
3.800845196938481e+00 2.78
3.824251761447133e+00 2.76
3.848464078803308e+00 2.74
3.873604280025006e+00 2.72
3.899833451536765e+00 2.7
3.927352709138614e+00 2.68
3.956418205105694e+00 2.66
3.987382127250317e+00 2.64
4.020740824092149e+00 2.62
4.057233708323171e+00 2.6
4.098056555848292e+00 2.58
4.145405671946062e+00 2.56
4.204275139318380e+00 2.54
4.294329815394451e+00 2.52
4.482260102329320e+00 2.52
4.572415305520857e+00 2.54
4.631394275868523e+00 2.56
4.678861894708250e+00 2.58
4.719811230354007e+00 2.6
4.756437617114791e+00 2.62
4.789940787096433e+00 2.64
4.821053197581223e+00 2.66
4.850279137293597e+00 2.68
4.877962853420058e+00 2.7
4.904369453947384e+00 2.72
4.929696083699601e+00 2.74
4.954097830090556e+00 2.76
4.977708764412180e+00 2.78
5.000624960008906e+00 2.8
5.022942415811203e+00 2.82
5.044733232917357e+00 2.84
5.066061368447881e+00 2.86
5.086982908649305e+00 2.88
5.107549839046412e+00 2.9
5.127807202607430e+00 2.92
5.147794984888539e+00 2.94
5.167554170591697e+00 2.96
5.187116839760852e+00 2.98
5.206516926777691e+00 3
5.206517936184930e+00 3
5.225788459562829e+00 3.02
5.244958453811348e+00 3.04
5.264059852328757e+00 3.06
5.283119694346307e+00 3.08
5.302168959807613e+00 3.1
5.321240604132211e+00 3.12
5.340362657211855e+00 3.14
5.359568103639747e+00 3.16
5.378894871924152e+00 3.18
5.398376958114595e+00 3.2
5.418057363109302e+00 3.22
5.437980984886793e+00 3.24
5.458197860428494e+00 3.26
5.478765880707971e+00 3.28
5.499753019566356e+00 3.3
5.521241146796302e+00 3.32
5.543321254873163e+00 3.34
5.566117147977153e+00 3.36
5.589770770576881e+00 3.38
5.614480868187410e+00 3.4
5.640500222386112e+00 3.42
5.668191490569121e+00 3.44
5.698088193150515e+00 3.46
5.731046485927379e+00 3.48
5.768600995181702e+00 3.5
5.814108631858701e+00 3.52
5.879109157523361e+00 3.54
6.055416879997410e+00 3.54
6.119871857388576e+00 3.52
6.164838935580759e+00 3.5
6.201863762550519e+00 3.48
6.234298304342927e+00 3.46
6.263685151004019e+00 3.44
