1.091914420136497e-02 1.12
4.288909079697056e-02 1.14
7.520127035556445e-02 1.16
1.081135919399348e-01 1.18
1.419478665924148e-01 1.2
1.771240254285154e-01 1.22
2.142527644419658e-01 1.24
2.542687471817118e-01 1.26
2.988203136073153e-01 1.28
3.513870805916310e-01 1.3
4.230837467327389e-01 1.32
6.452234924125939e-01 1.32
7.168422916613020e-01 1.3
7.693242349993064e-01 1.28
8.137889714769386e-01 1.26
8.537161526265553e-01 1.24
8.907530867121922e-01 1.22
9.258363907398532e-01 1.2
9.595748508214488e-01 1.18
9.923903049916971e-01 1.16
1.024602654390469e+00 1.14
1.056467845667449e+00 1.12
1.088200739798069e+00 1.1
1.119989387466679e+00 1.08
1.152015660180394e+00 1.06
1.184445258236281e+00 1.04
1.217455544956882e+00 1.02
1.251229580319771e+00 1
1.251230855697497e+00 1
1.285967979499900e+00 0.98
1.321897895269461e+00 0.96
1.359285924409783e+00 0.94
1.398453656913936e+00 0.92
1.439808212031795e+00 0.9
1.483876979665784e+00 0.88
1.531379731030312e+00 0.86
1.583354898914093e+00 0.84
1.641422592815299e+00 0.82
1.708388474957016e+00 0.8
1.790062920291946e+00 0.78
1.904016937882966e+00 0.76
2.302715166233691e+00 0.76
2.416814645339526e+00 0.78
2.498635954761391e+00 0.8
2.565733872666764e+00 0.82
2.623941523917440e+00 0.84
2.676051574393052e+00 0.86
2.723687313904266e+00 0.88
2.767885994947282e+00 0.9
2.809367760119814e+00 0.92
2.848662661768046e+00 0.94
2.886170794248630e+00 0.96
2.922226210003520e+00 0.98
2.957082938787079e+00 1
2.957083932864721e+00 1
2.990967004451668e+00 1.02
3.024102439753527e+00 1.04
3.056643182585131e+00 1.06
3.088777295850446e+00 1.08
3.120674714460771e+00 1.1
3.152511451380951e+00 1.12
3.184481397976556e+00 1.14
3.216795577535151e+00 1.16
3.249705899119521e+00 1.18
3.283540173772002e+00 1.2
3.318717332608101e+00 1.22
3.355845071621552e+00 1.24
3.395862054361298e+00 1.26
3.440412620786901e+00 1.28
3.492979387771217e+00 1.3
3.564677053912325e+00 1.32
3.786818799592179e+00 1.32
3.858434598840888e+00 1.3
3.910917542178892e+00 1.28
3.955381278656525e+00 1.26
3.995308459806142e+00 1.24
4.032344393891778e+00 1.22
4.067429697919438e+00 1.2
4.101167158001035e+00 1.18
4.133982612171283e+00 1.16
4.166195961570054e+00 1.14
4.198060152847034e+00 1.12
4.229793046977655e+00 1.1
4.261582694646265e+00 1.08
4.293606996026841e+00 1.06
4.326037958236282e+00 1.04
4.359048574956883e+00 1.02
4.392821850319772e+00 1
4.392823815697497e+00 1
4.427561779499900e+00 0.98
4.463491395269460e+00 0.96
4.500878724409783e+00 0.94
4.540046856913936e+00 0.92
4.581400812031795e+00 0.9
4.625469679665784e+00 0.88
4.672972631030312e+00 0.86
4.724947898914093e+00 0.84
4.783014792815299e+00 0.82
4.849980874957017e+00 0.8
4.931655420291945e+00 0.78
5.045609137882965e+00 0.76
5.444310166233691e+00 0.76
5.558407645339527e+00 0.78
5.640230954761391e+00 0.8
5.707330872666764e+00 0.82
5.765532523917440e+00 0.84
5.817645574393051e+00 0.86
5.865281313904266e+00 0.88
5.909478994947282e+00 0.9
5.950960760119814e+00 0.92
5.990260661768046e+00 0.94
6.027770794248631e+00 0.96
6.063817210003520e+00 0.98
6.098675932864722e+00 1
6.132567004451668e+00 1.02
6.165691439753527e+00 1.04
6.198235182585131e+00 1.06
6.230369295850446e+00 1.08
6.262267714460771e+00 1.1
