0.00717112 7.62
0.0561772 7.70911
0.105183 7.78902
0.154189 7.85878
0.203195 7.91768
0.252202 7.96529
0.301208 8.0013
0.350214 8.02573
0.39922 8.03877
0.448226 8.0408
0.497232 8.03237
0.546238 8.01418
0.595244 7.98703
0.64425 7.95181
0.693256 7.9094
0.742262 7.86075
0.791268 7.80674
0.840275 7.7482
0.889281 7.68589
0.938287 7.62044
0.987293 7.55237
1.0363 7.48203
1.08531 7.4096
1.13431 7.3351
1.18332 7.2584
1.23232 7.17925
1.28133 7.0973
1.33034 7.01229
1.37934 6.92409
1.42835 6.83283
1.47735 6.73906
1.52636 6.64375
1.57537 6.54823
1.62437 6.45417
1.67338 6.36332
1.72238 6.27743
1.77139 6.19809
1.8204 6.12667
1.8694 6.06427
1.91841 6.01176
1.96741 5.96972
2.01642 5.9386
2.06543 5.91864
2.11443 5.90998
2.16344 5.9126
2.21244 5.92643
2.26145 5.95136
2.31046 5.98715
2.35946 6.03351
2.40847 6.09007
2.45748 6.1564
2.50648 6.23196
2.55549 6.31611
2.60449 6.40811
2.6535 6.50709
2.70251 6.61206
2.75151 6.72191
2.80052 6.83539
2.84952 6.95116
2.89853 7.06776
2.94754 7.18369
2.99654 7.2974
3.04555 7.40735
3.09455 7.51204
3.14356 7.61004
3.19257 7.70007
3.24157 7.781
3.29058 7.85187
3.33958 7.91196
3.38859 7.96078
3.4376 7.99803
3.4866 8.02369
3.53561 8.03792
3.58462 8.04109
3.63362 8.03374
3.68263 8.01655
3.73163 7.99031
3.78064 7.95591
3.82965 7.91421
3.87865 7.86618
3.92766 7.8127
3.97666 7.75461
4.02567 7.69266
4.07468 7.62752
4.12368 7.55971
4.17269 7.4896
4.22169 7.41738
4.2707 7.34311
4.31971 7.26666
4.36871 7.18778
4.41772 7.10614
4.46672 7.02147
4.51573 6.9336
4.56474 6.84265
4.61374 6.74911
4.66275 6.6539
4.71176 6.55833
4.76076 6.46403
4.80977 6.37276
4.85877 6.28627
4.90778 6.20616
4.95679 6.13383
5.00579 6.07044
5.0548 6.01685
5.1038 5.97367
5.15281 5.94138
5.20182 5.92023
5.25082 5.91037
5.29983 5.91179
5.34883 5.92443
5.39784 5.9482
5.44685 5.98284
5.49585 6.02809
5.54486 6.08359
5.59386 6.14891
5.64287 6.22351
5.69188 6.30679
5.74088 6.39799
5.78989 6.49628
5.8389 6.60067
5.8879 6.71006
5.93691 6.82321
5.98591 6.9388
6.03492 7.05538
6.08393 7.17146
6.13293 7.28548
6.18194 7.39591
6.23094 7.50122
