0.00687242 8.36
0.0557698 8.31513
0.104667 8.26458
0.153565 8.20902
0.202462 8.1493
0.251359 8.0863
0.300257 8.02133
0.349154 7.95481
0.398052 7.88795
0.446949 7.82223
0.495847 7.75851
0.544744 7.69784
0.593641 7.64124
0.642539 7.58968
0.691436 7.54406
0.740334 7.50526
0.789231 7.47403
0.838128 7.45108
0.887026 7.43704
0.935923 7.43245
0.984821 7.43768
1.03372 7.45308
1.08262 7.47875
1.13151 7.5146
1.18041 7.56027
1.22931 7.61503
1.27821 7.67765
1.3271 7.74624
1.376 7.81808
1.4249 7.88946
1.47379 7.95613
1.52269 7.99343
1.57159 7.86875
1.62049 7.70784
1.66938 7.65204
1.71828 7.6738
1.76718 7.7456
1.81608 7.83991
1.86497 7.92921
1.91387 7.98601
1.96277 7.99983
2.01167 8.01003
2.06056 8.03436
2.10946 8.05986
2.15836 8.08913
2.20726 8.12135
2.25615 8.1559
2.30505 8.19213
2.35395 8.22934
2.40285 8.2668
2.45174 8.30371
2.50064 8.33931
2.54954 8.37277
2.59844 8.40329
2.64733 8.43011
2.69623 8.45246
2.74513 8.46966
2.79402 8.48109
2.84292 8.4862
2.89182 8.48462
2.94072 8.47604
2.98961 8.46025
3.03851 8.43724
3.08741 8.40713
3.13631 8.3702
3.1852 8.32685
3.2341 8.27764
3.283 8.22325
3.3319 8.16449
3.38079 8.10223
3.42969 8.03745
3.47859 7.97117
3.52749 7.90447
3.57638 7.83842
3.62528 7.77411
3.67418 7.71259
3.72308 7.65488
3.77197 7.60197
3.82087 7.5548
3.86977 7.51423
3.91867 7.48105
3.96756 7.45598
4.01646 7.43967
4.06536 7.43269
4.11426 7.43544
4.16315 7.44829
4.21205 7.47141
4.26095 7.50475
4.30984 7.54802
4.35874 7.60063
4.40764 7.66144
4.45654 7.72876
4.50543 7.80008
4.55433 7.872
4.60323 7.94015
4.65213 7.99999
4.70102 7.92834
4.74992 7.73712
4.79882 7.65779
4.84772 7.66283
4.89661 7.72471
4.94551 7.81595
4.99441 7.90901
5.04331 7.97639
5.0922 7.99893
5.1411 8.00442
5.19 8.02879
5.2389 8.05301
5.28779 8.08156
5.33669 8.1131
5.38559 8.14713
5.43449 8.183
5.48338 8.22003
5.53228 8.2575
5.58118 8.29462
5.63007 8.33063
5.67897 8.36469
5.72787 8.39602
5.77677 8.42383
5.82566 8.44736
5.87456 8.4659
5.92346 8.47882
5.97236 8.48554
6.02125 8.48566
6.07015 8.47885
6.11905 8.46485
6.16795 8.44363
6.21684 8.41528
