6.8724227321341758e-03 8.36
2.9487147118933521e-02 8.34
5.0768691388586973e-02 8.32
7.0966119554338292e-02 8.3
9.0283644759049153e-02 8.28
1.0885774121867264e-01 8.26
1.2679901908134461e-01 8.24
1.4420609905085957e-01 8.22
1.6115969995027157e-01 8.2
1.7770464131738795e-01 8.18
1.9391467638868853e-01 8.16
2.0982272168464000e-01 8.14
2.2547461502462340e-01 8.12
2.4090820677335678e-01 8.1
2.5615642421897711e-01 8.08
2.7124424942143754e-01 8.06
2.8619852520793820e-01 8.04
3.0104827473715368e-01 8.02
3.1581339208520909e-01 8
3.1581439685378498e-01 8
3.3051888140266428e-01 7.98
3.4518668453482881e-01 7.96
3.5983978829050933e-01 7.94
3.7449518729475884e-01 7.92
3.8918187126379067e-01 7.9
4.0391380634382479e-01 7.88
4.1871707317048923e-01 7.86
4.3361263610956158e-01 7.84
4.4862852325630342e-01 7.82
4.6379175320023158e-01 7.8
4.7913136992559036e-01 7.78
4.9467946207028746e-01 7.76
5.1046810040201329e-01 7.74
5.2654331338748861e-01 7.72
5.4294925114464831e-01 7.7
5.5974104375423828e-01 7.68
5.7698483833795855e-01 7.66
5.9475884236055165e-01 7.64
6.1315928754286197e-01 7.62
6.3230959563395928e-01 7.6
6.5236913957967069e-01 7.58
6.7355259533336920e-01 7.56
6.9616476941209804e-01 7.54
7.2066110947704232e-01 7.52
7.4777170403805471e-01 7.5
7.7883154619042649e-01 7.48
8.1686680691067082e-01 7.46
8.7349950520613007e-01 7.44
9.9484154553703696e-01 7.44
1.0490074322705949e+00 7.46
1.0845884886664958e+00 7.48
1.1132038854176294e+00 7.5
1.1378838037504391e+00 7.52
1.1599623996676245e+00 7.54
1.1801478102642076e+00 7.56
1.1989336050187696e+00 7.58
1.2166077585081396e+00 7.6
1.2334090429827782e+00 7.62
1.2494690524787417e+00 7.64
1.2649553907498872e+00 7.66
1.2799404314881615e+00 7.68
1.2945236316126838e+00 7.7
1.3087914784054666e+00 7.72
1.3227703582035764e+00 7.74
1.3365938134182134e+00 7.76
1.3502322443508579e+00 7.78
1.3637853354910323e+00 7.8
1.3772976963666945e+00 7.82
1.3908622212934549e+00 7.84
1.4044908352270342e+00 7.86
1.4182848437190820e+00 7.88
1.4323278909703916e+00 7.9
1.4466741448927340e+00 7.92
1.4615198531457363e+00 7.94
1.4769697636554078e+00 7.96
1.4931914395976245e+00 7.98
1.5103342472098413e+00 8
1.5103442821288766e+00 8
1.5278144967020033e+00 8.02
1.5323190246423977e+00 8.06
1.5402332686524831e+00 8.04
1.9058087300597961e+00 7.98
1.9792458848042926e+00 8
1.9792469105526909e+00 8
2.0303118185813531e+00 8.02
2.0725186108277800e+00 8.04
2.1097133582472747e+00 8.06
2.1436556430826403e+00 8.08
2.1753104999810944e+00 8.1
2.2052823685058378e+00 8.12
2.2339986544428427e+00 8.14
2.2617811130958696e+00 8.16
2.2888757833881055e+00 8.18
2.3154589274277253e+00 8.2
2.3417468837945137e+00 8.22
2.3678570087473698e+00 8.24
2.3939507627928265e+00 8.26
2.4202015221791786e+00 8.28
2.4467656409208800e+00 8.3
2.4738204561773323e+00 8.32
2.5016170204570258e+00 8.34
2.5304302277988793e+00 8.36
2.5606575979936945e+00 8.38
2.5928868755816907e+00 8.4
2.6279916514553445e+00 8.42
2.6676963681859380e+00 8.44
2.7158005234513798e+00 8.46
2.7879327069494675e+00 8.48
2.9229026597635226e+00 8.48
2.9902374048590552e+00 8.46
3.0333590755016679e+00 8.44
3.0678733896318207e+00 8.42
3.0975718328035686e+00 8.4
3.1241489312330764e+00 8.38
3.1484644227321343e+00 8.36
3.1710791471189328e+00 8.34
3.1923616913885873e+00 8.32
3.2125591195543386e+00 8.3
3.2318766447590477e+00 8.28
3.2504527412186732e+00 8.26
3.2683910190813439e+00 8.24
3.2857980990508597e+00 8.22
3.3027516999502708e+00 8.2
3.3192976413173874e+00 8.18
3.3355066763886896e+00 8.16
3.3514157216846403e+00 8.14
3.3670676150246237e+00 8.12
3.3825012067733571e+00 8.1
3.3977494242189756e+00 8.08
3.4128372494214361e+00 8.06
3.4277925252079378e+00 8.04
3.4426402747371547e+00 8.02
3.4574063968537843e+00 8
3.4721118814026646e+00 7.98
3.4867796845348273e+00 7.96
3.5014327882905096e+00 7.94
3.5160891872947602e+00 7.92
3.5307748712637910e+00 7.9
3.5455048366417117e+00 7.88
3.5603080731704893e+00 7.86
3.5752056361095619e+00 7.84
3.5902205232563027e+00 7.82
3.6053847532002301e+00 7.8
3.6207243699255898e+00 7.78
3.6362714620702867e+00 7.76
3.6520601004020126e+00 7.74
3.6681373133874882e+00 7.72
3.6845422511446486e+00 7.7
3.7013340437542368e+00 7.68
3.7185778383379571e+00 7.66
3.7363508423605509e+00 7.64
3.7547522875428623e+00 7.62
3.7738995956339600e+00 7.6
3.7939621395796710e+00 7.58
3.8151455953333695e+00 7.56
3.8377567694120991e+00 7.54
3.8622531094770416e+00 7.52
3.8893687040380556e+00 7.5
3.9204235763968391e+00 7.48
3.9584588069106701e+00 7.46
4.0150915052061293e+00 7.44
4.1364309225193949e+00 7.44
4.1905997394501808e+00 7.46
4.2261821656396696e+00 7.48
4.2547957925972151e+00 7.5
4.2794757109300257e+00 7.52
4.3015558068472108e+00 7.54
4.3217407174437943e+00 7.56
4.3405247121983566e+00 7.58
4.3582002656877261e+00 7.6
4.3750010501623642e+00 7.62
4.3910621596583281e+00 7.64
4.4065480979294733e+00 7.66
4.4215329386677480e+00 7.68
4.4361159387922697e+00 7.7
4.4503842855850531e+00 7.72
4.4643631653831628e+00 7.74
4.4781866205977998e+00 7.76
4.4918251515304437e+00 7.78
4.5053783426706193e+00 7.8
4.5188910035462806e+00 7.82
4.5324548284730408e+00 7.84
4.5460835424066204e+00 7.86
4.5598772508986682e+00 7.88
4.5739209981499780e+00 7.9
4.5882666520723205e+00 7.92
4.6031137603253232e+00 7.94
4.6185648708349936e+00 7.96
4.6347854467772107e+00 7.98
4.6519273543894277e+00 8
4.6519333589832268e+00 8
4.6694065038815893e+00 8.02
4.6739160924997680e+00 8.06
4.6818252758320700e+00 8.04
5.0474030372393823e+00 7.98
5.1208372223091141e+00 8
5.1208441874070392e+00 8
5.1719041257609391e+00 8.02
5.2141109180073668e+00 8.04
5.2513066654268608e+00 8.06
5.2852469502622270e+00 8.08
5.3169028071606803e+00 8.1
5.3468756756854230e+00 8.12
5.3755899616224303e+00 8.14
5.4033744202754557e+00 8.16
5.4304690905676916e+00 8.18
5.4570512346073121e+00 8.2
5.4833391909740996e+00 8.22
5.5094493159269566e+00 8.24
5.5355430699724133e+00 8.26
5.5617938293587654e+00 8.28
5.5883579481004659e+00 8.3
5.6154127633569182e+00 8.32
5.6432093276366126e+00 8.34
5.6720235349784653e+00 8.36
5.7022509051732815e+00 8.38
5.7344801827612777e+00 8.4
5.7695849586349297e+00 8.42
5.8092886753655240e+00 8.44
5.8573928306309657e+00 8.46
5.9295240141290542e+00 8.48
6.0644939669431075e+00 8.48
6.1318307120386413e+00 8.46
6.1749523826812549e+00 8.44
6.2094676663907720e+00 8.42
6.2391631399831553e+00 8.4
6.2657412384126623e+00 8.38
