4.4231778833170310e-03 2.4
2.4745338393358907e-02 2.42
4.5820567320688177e-02 2.44
6.7833607030836518e-02 2.46
9.1023338853398528e-02 2.48
1.1573540031751506e-01 2.5
1.4247551876511011e-01 2.52
1.7209481220953471e-01 2.54
2.0613817867617001e-01 2.56
2.4823268470133186e-01 2.58
3.1367828685972388e-01 2.6
4.3209771093000171e-01 2.6
4.9765394134217900e-01 2.58
5.3985605215048160e-01 2.56
5.7400702697349182e-01 2.54
6.0372407355519631e-01 2.52
6.3056279340805421e-01 2.5
6.5536564417040211e-01 2.48
6.7864514180031854e-01 2.46
7.0074300891427299e-01 2.44
7.2190298564499322e-01 2.42
7.4230200968792204e-01 2.4
7.6208089937386170e-01 2.38
7.8134462979328312e-01 2.36
8.0018406011907572e-01 2.34
8.1867119000085964e-01 2.32
8.3686695027879221e-01 2.3
8.5482726185391034e-01 2.28
8.7259518332085761e-01 2.26
8.9021458673233589e-01 2.24
9.0772147636531830e-01 2.22
9.2514992625807224e-01 2.2
9.4253277223709198e-01 2.18
9.5989811557421412e-01 2.16
9.7727487721456541e-01 2.14
9.9469108869164025e-01 2.12
1.0121737072527432e+00 2.1
1.0297497236153283e+00 2.08
1.0474461421101058e+00 2.06
1.0652889443677047e+00 2.04
1.0833052453652012e+00 2.02
1.1015258826422780e+00 2
1.1015268781001506e+00 2
1.1199819166855773e+00 1.98
1.1387043654601303e+00 1.96
1.1577272667400571e+00 1.94
1.1770885687072656e+00 1.92
1.1968273334530615e+00 1.9
1.2169925091396383e+00 1.88
1.2376291971522395e+00 1.86
1.2588012699489060e+00 1.84
1.2805639259637580e+00 1.82
1.3029990512428391e+00 1.8
1.3261877896273608e+00 1.78
1.3502331378293366e+00 1.76
1.3752591304630570e+00 1.74
1.4014158339466984e+00 1.72
1.4288863662434217e+00 1.7
1.4579127815506761e+00 1.68
1.4888042705130573e+00 1.66
1.5219909584340572e+00 1.64
1.5580811706670499e+00 1.62
1.5979993475556977e+00 1.6
1.6432911170670765e+00 1.58
1.6969248371128414e+00 1.56
1.7663277964591035e+00 1.54
1.8993102991764808e+00 1.52
1.9891880472228767e+00 1.52
2.1222321389910146e+00 1.54
2.1916927198752880e+00 1.56
2.2453840181741818e+00 1.58
2.2907323332607739e+00 1.6
2.3307030108941067e+00 1.62
2.3668398321476651e+00 1.64
2.4000721327692798e+00 1.66
2.4310071911135207e+00 1.68
2.4600712264589326e+00 1.7
2.4875803354576682e+00 1.72
2.5137696935297758e+00 1.74
2.5388253262307217e+00 1.76
2.5628983106742975e+00 1.78
2.5861116691752049e+00 1.8
2.6085655485054247e+00 1.82
2.6303468335345954e+00 1.84
2.6515307237038428e+00 1.86
2.6721829919068938e+00 1.88
2.6923549089012191e+00 1.9
2.7121003732267006e+00 1.92
2.7314634072700752e+00 1.94
2.7504860062851044e+00 1.96
2.7692032504312802e+00 1.98
2.7876501015649104e+00 2
2.8058605414032858e+00 2.02
2.8238645381304917e+00 2.04
2.8416882532304157e+00 2.06
2.8593635139574065e+00 2.08
2.8769153960026550e+00 2.1
2.8943708657286358e+00 2.12
2.9117569319522598e+00 2.14
2.9291006079955455e+00 2.16
2.9464288331232726e+00 2.18
2.9637686856748395e+00 2.2
2.9811540064151458e+00 2.22
2.9986129296694983e+00 2.24
3.0161793811552542e+00 2.26
3.0338942692176225e+00 2.28
3.0517946920873200e+00 2.3
3.0699304750011969e+00 2.32
3.0883516962021496e+00 2.34
3.1071222503951539e+00 2.36
3.1263141082426671e+00 2.38
3.1460161778833164e+00 2.4
3.1663373383933582e+00 2.42
3.1874125673206883e+00 2.44
3.2094266070308368e+00 2.46
3.2326173098335147e+00 2.48
3.2573284003175154e+00 2.5
3.2840675187651094e+00 2.52
3.3136848412441680e+00 2.54
3.3477311786761703e+00 2.56
3.3898256847013322e+00 2.58
3.4552712868597233e+00 2.6
3.5736897109300010e+00 2.6
3.6392464285217652e+00 2.58
3.6814489993300676e+00 2.56
3.7155988341530781e+00 2.54
3.7453162807347828e+00 2.52
3.7721549005876405e+00 2.5
3.7969587513499885e+00 2.48
3.8202380489799053e+00 2.46
3.8423360160938600e+00 2.44
3.8634952928245792e+00 2.42
3.8838951168675084e+00 2.4
3.9036733065534484e+00 2.38
3.9229371369728701e+00 2.36
3.9417768672986622e+00 2.34
3.9602636971804461e+00 2.32
3.9784603574583781e+00 2.3
3.9964199690334965e+00 2.28
4.0141875905004438e+00 2.26
4.0318076939119223e+00 2.24
4.0493142125007289e+00 2.22
4.0667426334376584e+00 2.2
4.0841252794166776e+00 2.18
4.1014907227538009e+00 2.16
4.1188676843941519e+00 2.14
4.1362834958712256e+00 2.12
4.1537666144323300e+00 2.1
4.1713426307949151e+00 2.08
4.1890387492896917e+00 2.06
4.2068814515472912e+00 2.04
4.2248977525447868e+00 2.02
4.2431182898218642e+00 2
4.2431190852797371e+00 2
4.2615754238651640e+00 1.98
4.2802972726397162e+00 1.96
4.2993197739196436e+00 1.94
4.3186807758868513e+00 1.92
4.3384201406326479e+00 1.9
4.3585852163192254e+00 1.88
4.3792224043318253e+00 1.86
4.4003933771284922e+00 1.84
4.4221570331433444e+00 1.82
4.4445918584224255e+00 1.8
4.4677801968069470e+00 1.78
4.4918249738507727e+00 1.76
4.5168519376426435e+00 1.74
4.5430082411262855e+00 1.72
4.5704786734230076e+00 1.7
4.5995040887302618e+00 1.68
4.6303965776926432e+00 1.66
4.6635842656136433e+00 1.64
4.6996734778466358e+00 1.62
4.7395916547352837e+00 1.6
4.7848854242466627e+00 1.58
4.8385181442924274e+00 1.56
4.9079211036386896e+00 1.54
5.0409026063560667e+00 1.52
5.1307803544024626e+00 1.52
5.2638244461706005e+00 1.54
5.3332890270548736e+00 1.56
5.3869763253537677e+00 1.58
5.4323246116383412e+00 1.6
5.4722953180736926e+00 1.62
5.5084321393272511e+00 1.64
5.5416644399488666e+00 1.66
5.5725994982931066e+00 1.68
5.6016645336385178e+00 1.7
5.6291726426372541e+00 1.72
5.6553620007093626e+00 1.74
5.6804176622521574e+00 1.76
5.7044906178538834e+00 1.78
5.7277029763547915e+00 1.8
5.7501578556850106e+00 1.82
5.7719401407141806e+00 1.84
5.7931230308834287e+00 1.86
5.8137752990864806e+00 1.88
5.8339472160808050e+00 1.9
5.8536926804062865e+00 1.92
5.8730557144496611e+00 1.94
5.8920783134646904e+00 1.96
5.9107955576108662e+00 1.98
5.9292424087444955e+00 2
5.9292434042271767e+00 2
5.9474538485828718e+00 2.02
5.9654568453100776e+00 2.04
5.9832815604100009e+00 2.06
6.0009568211369935e+00 2.08
6.0185077031822409e+00 2.1
6.0359641729082227e+00 2.12
6.0533502391318459e+00 2.14
6.0706929151751314e+00 2.16
6.0880211403028586e+00 2.18
6.1053619928544265e+00 2.2
6.1227473135947319e+00 2.22
6.1402052368490843e+00 2.24
6.1577736593691483e+00 2.26
6.1754865763972093e+00 2.28
6.1933869992669059e+00 2.3
6.2115227821807828e+00 2.32
6.2299450033817365e+00 2.34
6.2487155575747391e+00 2.36
6.2679074154222523e+00 2.38
