0.00477591 6.66
0.0537826 6.75008
0.102789 6.83149
0.151796 6.90321
0.200802 6.9644
0.249809 7.01445
0.298816 7.05297
0.347822 7.07977
0.396829 7.09479
0.445836 7.09835
0.494842 7.09086
0.543849 7.07272
0.592856 7.04451
0.641862 7.00698
0.690869 6.96083
0.739876 6.90681
0.788882 6.84566
0.837889 6.77808
0.886896 6.70471
0.935902 6.62616
0.984909 6.54299
1.03392 6.4557
1.08292 6.36478
1.13193 6.27071
1.18094 6.17403
1.22994 6.07532
1.27895 5.97526
1.32796 5.87468
1.37696 5.77446
1.42597 5.67563
1.47498 5.57927
1.52398 5.48647
1.57299 5.39829
1.622 5.31575
1.671 5.23973
1.72001 5.171
1.76902 5.11021
1.81802 5.05784
1.86703 5.0143
1.91604 4.97987
1.96504 4.95477
2.01405 4.9391
2.06305 4.93296
2.11206 4.93635
2.16107 4.94925
2.21007 4.97161
2.25908 5.00334
2.30809 5.0443
2.35709 5.09431
2.4061 5.15312
2.45511 5.22045
2.50411 5.2959
2.55312 5.37901
2.60213 5.46922
2.65113 5.56584
2.70014 5.66806
2.74915 5.77495
2.79815 5.88546
2.84716 5.99839
2.89617 6.11246
2.94517 6.22629
2.99418 6.33842
3.04319 6.4474
3.09219 6.55174
3.1412 6.65004
3.19021 6.74097
3.23921 6.82334
3.28822 6.89613
3.33723 6.95846
3.38623 7.00971
3.43524 7.04946
3.48425 7.0775
3.53325 7.09376
3.58226 7.0985
3.63127 7.09216
3.68027 7.07512
3.72928 7.04794
3.77829 7.01135
3.82729 6.96608
3.8763 6.91286
3.92531 6.85242
3.97431 6.78548
4.02332 6.7127
4.07233 6.63467
4.12133 6.55196
4.17034 6.46508
4.21935 6.37452
4.26835 6.28076
4.31736 6.18433
4.36637 6.08578
4.41537 5.98785
4.46438 5.88528
4.51339 5.78498
4.56239 5.68595
4.6114 5.58928
4.66041 5.49605
4.70941 5.40734
4.75842 5.32416
4.80743 5.24742
4.85643 5.17789
4.90544 5.11623
4.95445 5.06295
5.00345 5.01847
5.05246 4.98307
5.10147 4.95697
5.15047 4.94031
5.19948 4.93316
5.24849 4.93554
5.29749 4.94744
5.3465 4.96881
5.39551 4.99956
5.44451 5.03955
5.49352 5.08862
5.54253 5.14651
5.59153 5.21296
5.64054 5.28757
5.68955 5.36991
5.73855 5.45939
5.78756 5.55537
5.83657 5.65704
5.88557 5.76349
5.93458 5.87367
5.98359 5.98641
6.03259 6.10042
6.0816 6.21434
6.13061 6.32672
6.17961 6.4361
6.22862 6.541
