1.425380431095746e-03 7.2
9.946884117884025e-03 7.22
1.850786569895391e-02 7.24
2.710339905762371e-02 7.26
3.574241139735079e-02 7.28
4.442987385238073e-02 7.3
5.316977849463012e-02 7.32
6.196024324742400e-02 7.34
7.081501978377691e-02 7.36
7.973925619341493e-02 7.38
8.872691897638152e-02 7.4
9.780586556388116e-02 7.42
1.069572456641970e-01 7.44
1.162048849211459e-01 7.46
1.255488936476397e-01 7.48
1.350001291419209e-01 7.5
1.445656111011937e-01 7.52
1.542612253851594e-01 7.54
1.640830916059066e-01 7.56
1.740589715736114e-01 7.58
1.841869709957731e-01 7.6
1.944919243683394e-01 7.62
2.049759149174690e-01 7.64
2.156756723677473e-01 7.66
2.265883512589619e-01 7.68
2.377546384962521e-01 7.7
2.491885629195254e-01 7.72
2.609219904421565e-01 7.74
2.729838164124896e-01 7.76
2.854267318695332e-01 7.78
2.982777795307445e-01 7.8
3.116154622449807e-01 7.82
3.254907239394083e-01 7.84
3.400010523123687e-01 7.86
3.552501236932111e-01 7.88
3.713753718418378e-01 7.9
3.885878241904130e-01 7.92
4.071316946615777e-01 7.94
4.274013772036565e-01 7.96
4.500630653487407e-01 7.98
4.762125756000515e-01 8
5.082853095144406e-01 8.02
5.541983122147354e-01 8.04
6.973793788698543e-01 8.04
7.466162008994193e-01 8.02
7.820531168791867e-01 8
8.116032388203660e-01 7.98
8.376971053857583e-01 7.96
8.614431256710970e-01 7.94
8.834990071782398e-01 7.92
9.042611674748491e-01 7.9
9.239754163485783e-01 7.88
9.428501481632292e-01 7.86
9.610207739414491e-01 7.84
9.785937958419195e-01 7.82
9.956640284150442e-01 7.8
1.012284099231370e+00 7.78
1.028525930544911e+00 7.76
1.044421202417514e+00 7.74
1.060017982077693e+00 7.72
1.075344008136524e+00 7.7
1.090428323114937e+00 7.68
1.105288622200295e+00 7.66
1.119953159393368e+00 7.64
1.134429655213633e+00 7.62
1.148740259658755e+00 7.6
1.162893735208053e+00 7.58
1.176901216901474e+00 7.56
1.190770566279449e+00 7.54
1.204512931711437e+00 7.52
1.218132069113186e+00 7.5
1.231632214157017e+00 7.48
1.245021132814285e+00 7.46
1.258300028845956e+00 7.44
1.271473698480822e+00 7.42
1.284543316921787e+00 7.4
1.297508700606540e+00 7.38
1.310372962667271e+00 7.36
1.323136105597925e+00 7.34
1.335799917421149e+00 7.32
1.348361648661907e+00 7.3
1.360824087382543e+00 7.28
1.373185241160128e+00 7.26
1.385446107536762e+00 7.24
1.397604699101796e+00 7.22
1.409661971772532e+00 7.2
1.421616235610311e+00 7.18
1.433471346330567e+00 7.16
1.445223853537282e+00 7.14
1.456872036522453e+00 7.12
1.468423778670489e+00 7.1
1.479876384517092e+00 7.08
1.491229928416014e+00 7.06
1.502485834518147e+00 7.04
1.513647871908900e+00 7.02
1.524718474828564e+00 7
1.524718674828565e+00 7
1.535699710979536e+00 6.98
1.546591889813239e+00 6.96
1.557404708688334e+00 6.94
1.568132814066475e+00 6.92
1.578785935138903e+00 6.9
1.589366748051911e+00 6.88
1.599877627294814e+00 6.86
1.610324037423605e+00 6.84
1.620716842933684e+00 6.82
1.631048168399497e+00 6.8
1.641336798424862e+00 6.78
1.651576377678265e+00 6.76
1.661777975742521e+00 6.74
1.671947363938888e+00 6.72
1.682089438687016e+00 6.7
1.692214306351535e+00 6.68
1.702328961772001e+00 6.66
1.712431184472247e+00 6.64
1.722529639225671e+00 6.62
1.732637025914941e+00 6.6
1.742758749255070e+00 6.58
1.752895510472526e+00 6.56
1.763068431533449e+00 6.54
1.773273828391601e+00 6.52
1.783527826142016e+00 6.5
1.793836661096509e+00 6.48
1.804207364636122e+00 6.46
1.814654898420639e+00 6.44
1.825183708467869e+00 6.42
1.835817006994402e+00 6.4
1.846559304795733e+00 6.38
1.857424396752770e+00 6.36
1.868430877766717e+00 6.34
1.879584858446782e+00 6.32
1.890916481062704e+00 6.3
1.902444181763677e+00 6.28
1.914178030853726e+00 6.26
1.926161405968646e+00 6.24
1.938407313674765e+00 6.22
1.950961031051984e+00 6.2
1.963845662840931e+00 6.18
1.977121486079080e+00 6.16
1.990833190891984e+00 6.14
2.005051843268995e+00 6.12
2.019850907989240e+00 6.1
2.035327409825264e+00 6.08
2.051615710422915e+00 6.06
2.068882258478319e+00 6.04
2.087362046981566e+00 6.02
2.107379016071363e+00 6
2.129451841375644e+00 5.98
2.154464098610974e+00 5.96
2.184116848163379e+00 5.94
2.222919360416098e+00 5.92
2.403271051276502e+00 5.92
2.442383753778638e+00 5.94
2.472327298189786e+00 5.96
2.497607509651369e+00 5.98
2.519929775943478e+00 6
2.540170472989949e+00 6.02
2.558845978463156e+00 6.04
2.576285081684198e+00 6.06
2.592719441546953e+00 6.08
2.608319443758254e+00 6.1
2.623209452052184e+00 6.12
2.637491737617913e+00 6.14
2.651238463707647e+00 6.16
2.664518791391693e+00 6.18
2.677380858834816e+00 6.2
2.689869866385236e+00 6.22
2.702024759109348e+00 6.24
2.713873737470596e+00 6.26
2.725444775014300e+00 6.28
2.736764021645310e+00 6.3
2.747856487031319e+00 6.32
2.758727164695198e+00 6.34
2.769400200056956e+00 6.36
2.779894542978181e+00 6.38
2.790220257637699e+00 6.4
2.800387408248573e+00 6.42
2.810412884783850e+00 6.44
2.820296862764343e+00 6.46
2.830057266723534e+00 6.48
2.839697163993852e+00 6.5
2.849230582794670e+00 6.52
2.858658456815010e+00 6.54
2.867988919523636e+00 6.56
2.877231856297291e+00 6.58
2.886390352863654e+00 6.6
2.895468428333140e+00 6.62
2.904479017904818e+00 6.64
2.913413220568869e+00 6.66
2.922284040724938e+00 6.68
2.931103369790493e+00 6.7
2.939862302216994e+00 6.72
2.948573780805380e+00 6.74
2.957236868482176e+00 6.76
2.965859563539887e+00 6.78
2.974440905011727e+00 6.8
2.982989779658618e+00 6.82
2.991503339584509e+00 6.84
2.999988432305060e+00 6.86
3.008452101427768e+00 6.88
3.016889441561923e+00 6.9
3.025310357739607e+00 6.92
3.033714873735147e+00 6.94
3.042108007711857e+00 6.96
3.050491704939702e+00 6.98
3.058870015196571e+00 7
3.067244899028907e+00 7.02
3.075621387877977e+00 7.04
3.083999446864086e+00 7.06
3.092382084974911e+00 7.08
3.100778297427921e+00 7.1
3.109186118748058e+00 7.12
3.117613375143375e+00 7.14
3.126057279323051e+00 7.16
3.134520731525724e+00 7.18
3.143017687610682e+00 7.2
3.151541191297470e+00 7.22
3.160101172878541e+00 7.24
3.168697706237210e+00 7.26
3.177335718576937e+00 7.28
3.186022181031968e+00 7.3
3.194760085674217e+00 7.32
3.203552550427010e+00 7.34
3.212409326963364e+00 7.36
3.221330563373002e+00 7.38
3.230320226155968e+00 7.4
3.239396172743467e+00 7.42
3.248549552843784e+00 7.44
3.257798192100732e+00 7.46
3.267141200827226e+00 7.48
3.276596406110519e+00 7.5
3.286157918280780e+00 7.52
3.295851532564745e+00 7.54
3.305675398785493e+00 7.56
3.315649308982514e+00 7.58
3.325780278175360e+00 7.6
3.336084231547925e+00 7.62
3.346568222097055e+00 7.64
3.357264979547334e+00 7.66
3.368181658438549e+00 7.68
3.379347945675838e+00 7.7
3.390780870099112e+00 7.72
3.402515297621743e+00 7.74
3.414578123592075e+00 7.76
3.427019039049120e+00 7.78
3.439870086710331e+00 7.8
3.453208769424566e+00 7.82
3.467083031118995e+00 7.84
3.481592389785276e+00 7.86
3.496843430872797e+00 7.88
3.512968679021425e+00 7.9
3.530181131370000e+00 7.92
3.548725001841164e+00 7.94
3.568993684383242e+00 7.96
3.591654372528327e+00 7.98
3.617805882779638e+00 8
3.649877616694027e+00 8.02
3.695791619394322e+00 8.04
3.838973686049440e+00 8.04
3.888209508079004e+00 8.02
3.923642424058773e+00 8
3.953191545999952e+00 7.98
3.979289412565344e+00 7.96
4.003036432850683e+00 7.94
4.025092314357826e+00 7.92
4.045853474654435e+00 7.9
4.065567723528164e+00 7.88
4.084442455342815e+00 7.86
4.102614081121035e+00 7.84
4.120186103021506e+00 7.82
4.137256335594630e+00 7.8
4.153876406410956e+00 7.78
4.170119237724498e+00 7.76
4.186013509597100e+00 7.74
4.201610289257279e+00 7.72
4.216936315316110e+00 7.7
4.232022600042322e+00 7.68
4.246881929379882e+00 7.66
4.261545466572954e+00 7.64
4.276022962393219e+00 7.62
4.290333566838340e+00 7.6
4.304487042387640e+00 7.58
4.318493524081060e+00 7.56
4.332363873459036e+00 7.54
4.346105238891023e+00 7.52
4.359724376292772e+00 7.5
4.373225521336603e+00 7.48
4.386614439993872e+00 7.46
4.399893336025542e+00 7.44
4.413066005660408e+00 7.42
4.426134654289420e+00 7.4
4.439102007786127e+00 7.38
4.451966269846857e+00 7.36
4.464728412777512e+00 7.34
4.477393224600736e+00 7.32
4.489954955841492e+00 7.3
4.502416394562129e+00 7.28
4.514778548339715e+00 7.26
4.527038414716348e+00 7.24
4.539197006281382e+00 7.22
4.551254216772533e+00 7.2
4.563209085610310e+00 7.18
4.575064446330567e+00 7.16
4.586816373537282e+00 7.14
4.598464876522453e+00 7.12
4.610016708670489e+00 7.1
4.621467954631540e+00 7.08
4.632822518416013e+00 7.06
4.644078434518147e+00 7.04
4.655240571908900e+00 7.02
4.666310874828564e+00 7
4.677292310979537e+00 6.98
4.688184889813239e+00 6.96
4.698997408688334e+00 6.94
4.709725014066475e+00 6.92
4.720378535138902e+00 6.9
4.730958948051910e+00 6.88
4.741469257358480e+00 6.86
4.751916337423605e+00 6.84
4.762310112879261e+00 6.82
4.772640768399497e+00 6.8
4.782928998424862e+00 6.78
4.793168977678265e+00 6.76
4.803370575742521e+00 6.74
4.813539763938888e+00 6.72
4.823682538687016e+00 6.7
4.833806806351535e+00 6.68
4.843921561772000e+00 6.66
4.854023884472247e+00 6.64
4.864122739225671e+00 6.62
4.874230025914940e+00 6.6
4.884351749255070e+00 6.58
4.894488010472526e+00 6.56
4.904660631533449e+00 6.54
4.914866728391601e+00 6.52
4.925120226142015e+00 6.5
4.935429161096510e+00 6.48
4.945799564636122e+00 6.46
4.956247398420638e+00 6.44
4.966775708467869e+00 6.42
4.977410406994402e+00 6.4
4.988151604795733e+00 6.38
4.999017296752770e+00 6.36
5.010023477766717e+00 6.34
5.021177258446782e+00 6.32
5.032509581062704e+00 6.3
5.044036481763677e+00 6.28
5.055771130853726e+00 6.26
5.067754405968646e+00 6.24
5.079998513674766e+00 6.22
5.092553431051984e+00 6.2
5.105438362840931e+00 6.18
5.118714286079079e+00 6.16
5.132425390891984e+00 6.14
5.146644843268995e+00 6.12
5.161443807989240e+00 6.1
5.176919609825264e+00 6.08
5.193208510422915e+00 6.06
5.210474958478319e+00 6.04
5.228955546981567e+00 6.02
5.248971216071363e+00 6
5.271045241375644e+00 5.98
5.296059898610974e+00 5.96
5.325709748163380e+00 5.94
5.364512560416099e+00 5.92
5.544864051276502e+00 5.92
5.583977783628317e+00 5.94
5.613917298189786e+00 5.96
5.639198509651369e+00 5.98
5.661520775943478e+00 6
5.681761472989949e+00 6.02
5.700438978463156e+00 6.04
5.717878081684198e+00 6.06
5.734312441546953e+00 6.08
5.749911443758254e+00 6.1
5.764802452052184e+00 6.12
5.779083737617912e+00 6.14
5.792831463707648e+00 6.16
5.806110791391693e+00 6.18
5.818972858834815e+00 6.2
5.831461866385236e+00 6.22
5.843618759109347e+00 6.24
5.855465737470595e+00 6.26
5.867038775014301e+00 6.28
5.878359021645309e+00 6.3
5.889444487031319e+00 6.32
5.900317164695198e+00 6.34
5.910998200056957e+00 6.36
5.921487542978181e+00 6.38
5.931821257637699e+00 6.4
5.941981378286926e+00 6.42
5.952003884783850e+00 6.44
5.961889862764344e+00 6.46
5.971650266723533e+00 6.48
5.981292163993852e+00 6.5
5.990822582794671e+00 6.52
6.000252456815010e+00 6.54
6.009582919523636e+00 6.56
6.018825856297291e+00 6.58
6.027981352863654e+00 6.6
6.037061428333141e+00 6.62
6.046069017904818e+00 6.64
6.055006220568869e+00 6.66
6.063880040724938e+00 6.68
6.072693369790493e+00 6.7
6.081455272185726e+00 6.72
6.090164780805379e+00 6.74
6.098830868482176e+00 6.76
6.107452563539887e+00 6.78
6.116033905011728e+00 6.8
6.124582779658619e+00 6.82
6.133093339584509e+00 6.84
6.141581432305060e+00 6.86
6.150039131496058e+00 6.88
6.158484441561923e+00 6.9
6.166902357739607e+00 6.92
6.175309843652992e+00 6.94
6.183703007711857e+00 6.96
6.192083704939702e+00 6.98
6.200463015196571e+00 7
6.208837899028907e+00 7.02
6.217213387877977e+00 7.04
6.225591446864086e+00 7.06
6.233976084974912e+00 7.08
6.242372297427921e+00 7.1
6.250777118748058e+00 7.12
6.259204375143375e+00 7.14
6.267649279323050e+00 7.16
6.276113731525724e+00 7.18
