1.007111560333840e-04 6.5
1.924591319161184e-02 6.48
3.760451352560334e-02 6.46
5.528530992233449e-02 6.44
7.239695484658082e-02 6.42
8.900832981793272e-02 6.4
1.051822369478526e-01 6.38
1.209596243243318e-01 6.36
1.364172838475968e-01 6.34
1.515671871849475e-01 6.32
1.664472564492545e-01 6.3
1.810923698240998e-01 6.28
1.955245261936893e-01 6.26
2.097746272377261e-01 6.24
2.238566513827633e-01 6.22
2.377965675783926e-01 6.2
2.516093010052973e-01 6.18
2.653118600638518e-01 6.16
2.789191969435159e-01 6.14
2.924463134645610e-01 6.12
3.059111481599075e-01 6.1
3.193216932564589e-01 6.08
3.326949427164649e-01 6.06
3.460378720242856e-01 6.04
3.593684962524710e-01 6.02
3.726977707802623e-01 6
3.860356865230896e-01 5.98
3.993933040874795e-01 5.96
4.127855412261612e-01 5.94
4.262224098660372e-01 5.92
4.397169605567655e-01 5.9
4.532801421325594e-01 5.88
4.669279697773101e-01 5.86
4.806754619830542e-01 5.84
4.945336228729840e-01 5.82
5.085164763581194e-01 5.8
5.226450200330781e-01 5.78
5.369292920843716e-01 5.76
5.514002933683306e-01 5.74
5.660740213428861e-01 5.72
5.809695495320835e-01 5.7
5.961148953019251e-01 5.68
6.115390769684721e-01 5.66
6.272731977108350e-01 5.64
6.433542650503172e-01 5.62
6.598263389956909e-01 5.6
6.767365425680900e-01 5.58
6.941429294434407e-01 5.56
7.121166122910774e-01 5.54
7.307377339486436e-01 5.52
7.501124566534552e-01 5.5
7.703710450917178e-01 5.48
7.916787540656616e-01 5.46
8.142619668699833e-01 5.44
8.384302018401648e-01 5.42
8.646342481258795e-01 5.4
8.935793365039233e-01 5.38
9.264805578519137e-01 5.36
9.658161415459654e-01 5.34
1.018621242201461e+00 5.32
1.228948541321758e+00 5.32
1.282332086728617e+00 5.34
1.322291288638972e+00 5.36
1.355868160758818e+00 5.38
1.385543022851860e+00 5.4
1.412525939331270e+00 5.42
1.437530112427454e+00 5.44
1.461004296014271e+00 5.46
1.483263039283351e+00 5.48
1.504532700158192e+00 5.5
1.524978527975719e+00 5.52
1.544732762099707e+00 5.54
1.563904535993605e+00 5.56
1.582571003693347e+00 5.58
1.600817199215047e+00 5.6
1.618692246980117e+00 5.62
1.636245201689032e+00 5.64
1.653532061070877e+00 5.66
1.670574936867828e+00 5.68
1.687415784128059e+00 5.7
1.704087613098488e+00 5.72
1.720610495492142e+00 5.74
1.737014386269450e+00 5.76
1.753322257255217e+00 5.78
1.769544167418259e+00 5.8
1.785713273425558e+00 5.82
1.801831954273561e+00 5.84
1.817925091397433e+00 5.86
1.834006840167155e+00 5.88
1.850093040861552e+00 5.9
1.866193738008787e+00 5.92
1.882318012567784e+00 5.94
1.898482072961976e+00 5.96
1.914698605743121e+00 5.98
1.930971804074683e+00 6
1.930973378454669e+00 6
1.947318875513181e+00 6.02
1.963750068137102e+00 6.04
1.980272496307748e+00 6.06
1.996894614681220e+00 6.08
2.013629626336109e+00 6.1
2.030483967072817e+00 6.12
2.047474192756511e+00 6.14
2.064605834934731e+00 6.16
2.081890830950159e+00 6.18
2.099342907183287e+00 6.2
2.116973354374453e+00 6.22
2.134796997118035e+00 6.24
2.152830074307682e+00 6.26
2.171089816761923e+00 6.28
2.189594132445071e+00 6.3
2.208367670308957e+00 6.32
2.227433661893517e+00 6.34
2.246823443400102e+00 6.36
2.266571351783339e+00 6.38
2.286718864049040e+00 6.4
2.307313910743432e+00 6.42
2.328414427750967e+00 6.44
2.350094471973205e+00 6.46
2.372439639524972e+00 6.48
2.395566920806132e+00 6.5
2.419618271306008e+00 6.52
2.444779572684722e+00 6.54
2.471315851549344e+00 6.56
2.499605299424653e+00 6.58
2.530209197754159e+00 6.6
2.564050755892342e+00 6.62
2.602865996753130e+00 6.64
2.650730307564323e+00 6.66
2.725654391467635e+00 6.68
2.846768016593856e+00 6.68
2.917876484781017e+00 6.66
2.961897432872068e+00 6.64
2.996848635319630e+00 6.62
3.026793461442962e+00 6.6
3.053486667084107e+00 6.58
3.077842095133167e+00 6.56
3.100426388835122e+00 6.54
3.121618592865836e+00 6.52
3.141695018335620e+00 6.5
3.160838220371198e+00 6.48
3.179193850676138e+00 6.46
3.196878617101921e+00 6.44
3.213989262026168e+00 6.42
3.230601636997519e+00 6.4
3.246775544127438e+00 6.38
3.262562901556219e+00 6.36
3.278010591027183e+00 6.34
3.293160494364534e+00 6.32
3.308038563628840e+00 6.3
3.322684677003686e+00 6.28
3.337116833373276e+00 6.26
3.351366934417312e+00 6.24
3.365450958562350e+00 6.22
3.379387874757979e+00 6.2
3.393201608184884e+00 6.18
3.406904167243438e+00 6.16
3.420516504123102e+00 6.14
3.434039620644147e+00 6.12
3.447505425452410e+00 6.1
3.460914000436045e+00 6.08
3.474287249896052e+00 6.06
3.487632179203872e+00 6.04
3.500960803432058e+00 6.02
3.514290077959849e+00 6
3.527628993702676e+00 5.98
3.540985611267066e+00 5.96
3.554378848405747e+00 5.94
3.567815717045623e+00 5.92
3.581309267736352e+00 5.9
3.594872449312145e+00 5.88
3.608521276956896e+00 5.86
3.622267769162641e+00 5.84
3.636125930052571e+00 5.82
3.650108783537706e+00 5.8
3.664237327212664e+00 5.78
3.678525599263958e+00 5.76
3.692996570745105e+00 5.74
3.707666328522472e+00 5.72
3.722561856711670e+00 5.7
3.737707202481512e+00 5.68
3.753132384148058e+00 5.66
3.768865504890421e+00 5.64
3.784947572229903e+00 5.62
3.801419646175277e+00 5.6
3.818329849747677e+00 5.58
3.835736236623027e+00 5.56
3.853708919470664e+00 5.54
3.872331041128230e+00 5.52
3.891705763833042e+00 5.5
3.911964352271305e+00 5.48
3.933272061245248e+00 5.46
3.955854274049571e+00 5.44
3.980023509019751e+00 5.42
4.006227555305466e+00 5.4
4.035173643683510e+00 5.38
4.068073865031501e+00 5.36
4.107409448725551e+00 5.34
4.160208549381046e+00 5.32
4.370541848501344e+00 5.32
4.423923393908203e+00 5.34
4.463884595818558e+00 5.36
4.497461467938404e+00 5.38
4.527135330031446e+00 5.4
4.554118246510856e+00 5.42
4.579123419607040e+00 5.44
4.602596603193857e+00 5.46
4.624855346462937e+00 5.48
4.646125007337778e+00 5.5
4.666571835155306e+00 5.52
4.686325069279293e+00 5.54
4.705496843173191e+00 5.56
4.724163310872934e+00 5.58
4.742410506394633e+00 5.6
4.760284554159703e+00 5.62
4.777838508868617e+00 5.64
4.795124368250463e+00 5.66
4.812167244047414e+00 5.68
4.829009091307645e+00 5.7
4.845679920278074e+00 5.72
4.862203802671727e+00 5.74
4.878606693449037e+00 5.76
4.894914564434804e+00 5.78
4.911136474597845e+00 5.8
4.927306353425558e+00 5.82
4.943424234273562e+00 5.84
4.959518061397433e+00 5.86
4.975599800167155e+00 5.88
4.991685430861551e+00 5.9
5.007785938008787e+00 5.92
5.023911312567783e+00 5.94
5.040074472961976e+00 5.96
5.056291405743121e+00 5.98
5.072564104074683e+00 6
5.072566078454669e+00 6
5.088911475513180e+00 6.02
5.105342468137103e+00 6.04
5.121865096307749e+00 6.06
5.138487314681219e+00 6.08
5.155222026336109e+00 6.1
5.172077267072817e+00 6.12
5.189066892756512e+00 6.14
5.206198934934731e+00 6.16
5.223483330950160e+00 6.18
5.240936007183287e+00 6.2
5.258565954374452e+00 6.22
5.276389097118035e+00 6.24
5.294422374307683e+00 6.26
5.312682716761923e+00 6.28
5.331187132445071e+00 6.3
5.349960470308957e+00 6.32
5.369026761893517e+00 6.34
5.388415843400103e+00 6.36
5.408163651783338e+00 6.38
5.428311064049040e+00 6.4
5.448907010743432e+00 6.42
5.470008297784663e+00 6.44
5.491685801944154e+00 6.46
5.514033239524972e+00 6.48
5.537159420806132e+00 6.5
5.561210971306007e+00 6.52
5.586371372684722e+00 6.54
5.612909051549344e+00 6.56
5.641198099424653e+00 6.58
5.671802197754158e+00 6.6
5.705642055892342e+00 6.62
5.744459596753130e+00 6.64
5.792324107564323e+00 6.66
5.867246491467635e+00 6.68
5.988358046615865e+00 6.68
6.059469484781017e+00 6.66
6.103489432872068e+00 6.64
6.138441635319630e+00 6.62
6.168386461442962e+00 6.6
6.195078667084108e+00 6.58
6.219434095133167e+00 6.56
6.242021388835122e+00 6.54
6.263214592865836e+00 6.52
