3.632126592814089e-03 4.28
1.414818094742643e-02 4.3
2.470277786590458e-02 4.32
3.529604696167610e-02 4.34
4.593596756652563e-02 4.36
5.663842716145684e-02 4.38
6.740253490561354e-02 4.4
7.823823015623521e-02 4.42
8.915350823018553e-02 4.44
1.001633099283437e-01 4.46
1.112726925352643e-01 4.48
1.224976043154733e-01 4.5
1.338509710461340e-01 4.52
1.453428399535452e-01 4.54
1.569920997609948e-01 4.56
1.688157976826323e-01 4.58
1.808259379502566e-01 4.6
1.930493531167894e-01 4.62
2.055111229192601e-01 4.64
2.182391093548306e-01 4.66
2.312632619478228e-01 4.68
2.446185848069335e-01 4.7
2.583529252226029e-01 4.72
2.725172281043697e-01 4.74
2.871763360780513e-01 4.76
3.024091302638956e-01 4.78
3.183183733823078e-01 4.8
3.350229644322491e-01 4.82
3.527014748052446e-01 4.84
3.715925006557130e-01 4.86
3.920324508944590e-01 4.88
4.145474610101951e-01 4.9
4.400687549409810e-01 4.92
4.704063023886755e-01 4.94
5.105565142861739e-01 4.96
6.831347904673022e-01 4.96
7.238884049950132e-01 4.94
7.548185466602675e-01 4.92
7.809216171603142e-01 4.9
8.040203035831732e-01 4.88
8.250281807226365e-01 4.86
8.444802451420284e-01 4.84
8.627128416978112e-01 4.82
8.799655735002032e-01 4.8
8.964091872186390e-01 4.78
9.121733677518193e-01 4.76
9.273539665070585e-01 4.74
9.420328054257343e-01 4.72
9.562738044995136e-01 4.7
9.701278698873192e-01 4.68
9.836409170690050e-01 4.66
9.968488523138710e-01 4.64
1.009783606844577e+00 4.62
1.022474170820450e+00 4.6
1.034943433630455e+00 4.58
1.047212444554427e+00 4.56
1.059300139562082e+00 4.54
1.071225411222126e+00 4.52
1.083001311958783e+00 4.5
1.094642763899802e+00 4.48
1.106161782244202e+00 4.46
1.117569358984788e+00 4.44
1.128876436416545e+00 4.42
1.140094984810792e+00 4.4
1.151231067542443e+00 4.38
1.162293626949693e+00 4.36
1.173293582194659e+00 4.34
1.184236016770479e+00 4.32
1.195128862238906e+00 4.3
1.205981076562125e+00 4.28
1.216794772669493e+00 4.26
1.227578879056297e+00 4.24
1.238342299457855e+00 4.22
1.249086162297511e+00 4.2
1.259818303219813e+00 4.18
1.270545697155361e+00 4.16
1.281273196159584e+00 4.14
1.292006500095530e+00 4.12
1.302749814387379e+00 4.1
1.313511538379687e+00 4.08
1.324295802143166e+00 4.06
1.335106751086253e+00 4.04
1.345953969835093e+00 4.02
1.356838946506167e+00 4
1.356840609390685e+00 4
1.367770685142955e+00 3.98
1.378752880416440e+00 3.96
1.389792921337866e+00 3.94
1.400898650538457e+00 3.92
1.412071402316235e+00 3.9
1.423325323518228e+00 3.88
1.434664664970180e+00 3.86
1.446095557404701e+00 3.84
1.457625133075652e+00 3.82
1.469265020771719e+00 3.8
1.481021257381052e+00 3.78
1.492903373600183e+00 3.76
1.504922438369562e+00 3.74
1.517090539191829e+00 3.72
1.529414956090717e+00 3.7
1.541913108679224e+00 3.68
1.554593876948267e+00 3.66
1.567473449915801e+00 3.64
1.580570512001397e+00 3.62
1.593897923050015e+00 3.6
1.607475895212813e+00 3.58
1.621328431329030e+00 3.56
1.635481986531892e+00 3.54
1.649954237678469e+00 3.52
1.664782905976270e+00 3.5
1.680004709696790e+00 3.48
1.695651867008324e+00 3.46
1.711778948461102e+00 3.44
1.728432496775635e+00 3.42
1.745685257822002e+00 3.4
1.763613080508149e+00 3.38
1.782301541152078e+00 3.36
1.801881801011480e+00 3.34
1.822495944000176e+00 3.32
1.844346271087390e+00 3.3
1.867690921252740e+00 3.28
1.892903987327451e+00 3.26
1.920540997004726e+00 3.24
1.951478558516651e+00 3.22
1.987336377628471e+00 3.2
2.031674177216628e+00 3.18
2.097351014010536e+00 3.16
2.260188285255856e+00 3.16
2.325939393558959e+00 3.18
2.370345155714631e+00 3.2
2.406264940538860e+00 3.22
2.437263376236307e+00 3.24
2.464948268990561e+00 3.26
2.490207447760457e+00 3.28
2.513591521823328e+00 3.3
2.535472914256927e+00 3.32
2.556114840086034e+00 3.34
2.575714518192512e+00 3.36
2.594421102445689e+00 3.38
2.612353805157365e+00 3.4
2.629605625215534e+00 3.42
2.646255646963383e+00 3.44
2.662368981690011e+00 3.46
2.677998632913152e+00 3.48
2.693191745746830e+00 3.5
2.707991231502488e+00 3.52
2.722424188163965e+00 3.54
2.736528693434934e+00 3.56
2.750328658658910e+00 3.58
2.763849215669072e+00 3.6
2.777109302681782e+00 3.62
2.790130053080341e+00 3.64
2.802930319630678e+00 3.66
2.815519234264805e+00 3.68
2.827920807244566e+00 3.7
2.840142958877281e+00 3.72
2.852197827139466e+00 3.74
2.864100303019748e+00 3.76
2.875857427592212e+00 3.78
2.887480260855645e+00 3.8
2.898980742481853e+00 3.82
2.910363923546481e+00 3.84
2.921636786472612e+00 3.86
2.932812357480553e+00 3.88
2.943891634935219e+00 3.9
2.954889539085045e+00 3.92
2.965806192162216e+00 3.94
2.976653518881935e+00 3.96
2.987434546979299e+00 3.98
2.998155279290946e+00 4
3.008821752520738e+00 4.02
3.019440901778630e+00 4.04
3.030019744382697e+00 4.06
3.040559296588626e+00 4.08
3.051071522875566e+00 4.1
3.061558442064050e+00 4.12
3.072026045465382e+00 4.14
3.082478385813925e+00 4.16
3.092921389197894e+00 4.18
3.103366037954585e+00 4.2
3.113811393781556e+00 4.22
3.124262425597800e+00 4.24
3.134733122797922e+00 4.26
3.145226433772400e+00 4.28
3.155739488127013e+00 4.3
3.166296085045491e+00 4.32
3.176886354141263e+00 4.34
3.187532274746111e+00 4.36
3.198231734341043e+00 4.38
3.208991842085200e+00 4.4
3.219829537335821e+00 4.42
3.230745815409771e+00 4.44
3.241757617107930e+00 4.46
3.252865999714851e+00 4.48
3.264087911495059e+00 4.5
3.275443278225720e+00 4.52
3.286935147133132e+00 4.54
3.298586406940581e+00 4.56
3.310403134390612e+00 4.58
3.322419245129844e+00 4.6
3.334641660296375e+00 4.62
3.347104430098847e+00 4.64
3.359831416534417e+00 4.66
3.372855569127409e+00 4.68
3.386211891986520e+00 4.7
3.399946232402190e+00 4.72
3.414109535283957e+00 4.74
3.428768643257639e+00 4.76
3.444002437443483e+00 4.78
3.459910680561894e+00 4.8
3.476615271611835e+00 4.82
3.494291811575110e+00 4.84
3.513184807835299e+00 4.86
3.533624758074046e+00 4.88
3.556140768189781e+00 4.9
3.581661062120567e+00 4.92
3.611999609568262e+00 4.94
3.652148821465760e+00 4.96
3.824728097646888e+00 4.96
3.865480712174600e+00 4.94
3.896411853839854e+00 4.92
3.922514924339900e+00 4.9
3.945612610762760e+00 4.88
3.966620487902223e+00 4.86
3.986072552321614e+00 4.84
4.004305148877398e+00 4.82
4.021557880679789e+00 4.8
4.038002494398225e+00 4.78
4.053765674931405e+00 4.76
4.068947273686644e+00 4.74
4.083626112605320e+00 4.72
4.097867111679101e+00 4.7
4.111721177066905e+00 4.68
4.125233224248592e+00 4.66
4.138441159493457e+00 4.64
4.151376914024164e+00 4.62
4.164066478000036e+00 4.6
4.176535740810042e+00 4.58
4.188804751734013e+00 4.56
4.200893446741668e+00 4.54
4.212817718401712e+00 4.52
4.224593619138369e+00 4.5
4.236235071079388e+00 4.48
4.247754089423788e+00 4.46
4.259161666164374e+00 4.44
4.270469743596131e+00 4.42
4.281688291990378e+00 4.4
4.292823374722029e+00 4.38
4.303885934129279e+00 4.36
4.314885889374245e+00 4.34
4.325829294483798e+00 4.32
4.336721169418492e+00 4.3
4.347573383741711e+00 4.28
4.358387079849079e+00 4.26
4.369171186235883e+00 4.24
4.379934606637441e+00 4.22
4.390678469477098e+00 4.2
4.401410717219813e+00 4.18
4.412138317155360e+00 4.16
4.422866286159584e+00 4.14
4.433598610095530e+00 4.12
4.444342324387378e+00 4.1
4.455104348379687e+00 4.08
4.465888722143166e+00 4.06
4.476699481086253e+00 4.04
4.487546519835093e+00 4.02
4.498432909390685e+00 4
4.509363685142954e+00 3.98
4.520345780416440e+00 3.96
4.531386221337867e+00 3.94
4.542491950538457e+00 3.92
4.553664102316235e+00 3.9
4.564918523518228e+00 3.88
4.576257264970181e+00 3.86
4.587688357404701e+00 3.84
4.599217833075652e+00 3.82
4.610857620771720e+00 3.8
4.622613757381052e+00 3.78
4.634496273600183e+00 3.76
4.646515138369562e+00 3.74
4.658683339191829e+00 3.72
4.671007956090717e+00 3.7
4.683505908679225e+00 3.68
4.696186276948267e+00 3.66
4.709066049915801e+00 3.64
4.722163212001397e+00 3.62
4.735489823050014e+00 3.6
4.749068895212814e+00 3.58
4.762921431329030e+00 3.56
4.777074386531892e+00 3.54
4.791546937678469e+00 3.52
4.806376005976270e+00 3.5
4.821597609696790e+00 3.48
4.837244867008324e+00 3.46
4.853371748461102e+00 3.44
4.870025396775635e+00 3.42
4.887277757822002e+00 3.4
4.905205980508149e+00 3.38
4.923894241152079e+00 3.36
4.943474501011480e+00 3.34
4.964089044000175e+00 3.32
4.985938971087390e+00 3.3
5.009283621252740e+00 3.28
5.034497387327451e+00 3.26
5.062133797004726e+00 3.24
5.093071858516652e+00 3.22
5.128930177628471e+00 3.2
5.173267477216628e+00 3.18
5.238944114010535e+00 3.16
5.401780285255855e+00 3.16
5.467531422750087e+00 3.18
5.511938155714631e+00 3.2
5.547857940538861e+00 3.22
5.578856376236306e+00 3.24
5.606542268990562e+00 3.26
5.631800447760456e+00 3.28
5.655183521823328e+00 3.3
5.677065914256928e+00 3.32
5.697706840086034e+00 3.34
5.717307518192511e+00 3.36
5.736014102445689e+00 3.38
5.753945805157366e+00 3.4
5.771198625215534e+00 3.42
5.787848646963384e+00 3.44
5.803961981690011e+00 3.46
5.819591632913152e+00 3.48
5.834784745746830e+00 3.5
5.849582231502488e+00 3.52
5.864014188163964e+00 3.54
5.878121693434934e+00 3.56
5.891920658658910e+00 3.58
5.905437215669073e+00 3.6
5.918702302681782e+00 3.62
5.931720053080340e+00 3.64
5.944520319630678e+00 3.66
5.957112234264805e+00 3.68
5.969510807244566e+00 3.7
5.981734958877281e+00 3.72
5.993788827139466e+00 3.74
6.005693273688069e+00 3.76
6.017451427592213e+00 3.78
6.029073260855645e+00 3.8
6.040572742481853e+00 3.82
6.051955923546481e+00 3.84
6.063230786472611e+00 3.86
6.074403357480553e+00 3.88
6.085484634935219e+00 3.9
6.096482539085045e+00 3.92
6.107400192162216e+00 3.94
6.118245518881934e+00 3.96
6.129026546979299e+00 3.98
6.139748279290946e+00 4
6.150415752520738e+00 4.02
6.161034901778630e+00 4.04
6.171612744382697e+00 4.06
6.182153296588625e+00 4.08
6.192664522875566e+00 4.1
6.203150442064050e+00 4.12
6.213619045465382e+00 4.14
6.224070385813924e+00 4.16
6.234513389197894e+00 4.18
6.244959037954584e+00 4.2
6.255403393781556e+00 4.22
6.265857455044906e+00 4.24
6.276325122797922e+00 4.26
