0.00363213 4.28
0.0526375 4.37254
0.101643 4.46267
0.150648 4.54914
0.199654 4.63065
0.248659 4.70594
0.297665 4.77386
0.34667 4.83331
0.395675 4.88338
0.444681 4.92331
0.493686 4.95251
0.542692 4.97055
0.591697 4.97728
0.640703 4.97282
0.689708 4.95728
0.738713 4.93092
0.787719 4.89434
0.836724 4.84814
0.88573 4.79309
0.934735 4.73002
0.98374 4.65985
1.03275 4.58355
1.08175 4.50213
1.13076 4.41666
1.17976 4.32819
1.22877 4.23779
1.27777 4.14653
1.32678 4.05529
1.37578 3.9649
1.42479 3.87741
1.47379 3.79227
1.5228 3.7107
1.57181 3.63335
1.62081 3.56074
1.66982 3.49333
1.71882 3.43146
1.76783 3.37541
1.81683 3.32539
1.86584 3.28154
1.91484 3.24396
1.96385 3.21271
2.01285 3.18785
2.06186 3.16938
2.11086 3.15731
2.15987 3.15165
2.20888 3.15238
2.25788 3.15951
2.30689 3.17302
2.35589 3.19292
2.4049 3.21918
2.4539 3.25178
2.50291 3.29069
2.55191 3.33584
2.60092 3.38715
2.64992 3.4445
2.69893 3.50769
2.74794 3.5765
2.79694 3.6506
2.84595 3.7296
2.89495 3.81297
2.94396 3.90012
2.99296 3.9903
3.04197 4.08268
3.09097 4.17627
3.13998 4.27
3.18898 4.36272
3.23799 4.45318
3.28699 4.5401
3.336 4.6222
3.38501 4.69822
3.43401 4.76697
3.48302 4.82738
3.53202 4.87849
3.58103 4.91954
3.63003 4.94991
3.67904 4.96916
3.72804 4.9771
3.77705 4.97383
3.82605 4.95947
3.87506 4.93424
3.92407 4.89872
3.97307 4.85352
4.02208 4.79938
4.07108 4.73713
4.12009 4.66767
4.16909 4.59198
4.2181 4.51106
4.2671 4.42597
4.31611 4.33777
4.36511 4.24753
4.41412 4.15631
4.46312 4.06512
4.51213 3.97495
4.56114 3.88671
4.61014 3.80123
4.65915 3.71924
4.70815 3.64141
4.75716 3.56827
4.80616 3.50028
4.85517 3.43781
4.90417 3.38113
4.95318 3.33045
5.00218 3.28593
5.05119 3.24768
5.1002 3.21575
5.1492 3.19021
5.19821 3.17105
5.24721 3.1583
5.29622 3.15195
5.34522 3.152
5.39423 3.15844
5.44323 3.17127
5.49224 3.19048
5.54124 3.21606
5.59025 3.24799
5.63925 3.28622
5.68826 3.33071
5.73727 3.38137
5.78627 3.43808
5.83528 3.50066
5.88428 3.56887
5.93329 3.64243
5.98229 3.72092
6.0313 3.80385
6.0803 3.89063
6.12931 3.98053
6.17831 4.07271
6.22732 4.16622
