0.00855334 2.2
0.0574265 2.16327
0.1063 2.12558
0.155173 2.08741
0.204046 2.04921
0.252919 2.01141
0.301792 1.97437
0.350666 1.93843
0.399539 1.90387
0.448412 1.87094
0.497285 1.83986
0.546158 1.81081
0.595032 1.78391
0.643905 1.7593
0.692778 1.73705
0.741651 1.71725
0.790524 1.69994
0.839397 1.68517
0.888271 1.67296
0.937144 1.66335
0.986017 1.65633
1.03489 1.65193
1.08376 1.65015
1.13264 1.65098
1.18151 1.65443
1.23038 1.66049
1.27926 1.66917
1.32813 1.68045
1.377 1.6943
1.42588 1.71071
1.47475 1.72963
1.52362 1.75102
1.5725 1.77481
1.62137 1.80092
1.67024 1.82923
1.71911 1.85961
1.76799 1.89189
1.81686 1.92588
1.86573 1.96134
1.91461 1.99798
1.96348 2.03549
2.01235 2.07351
2.06123 2.11165
2.1101 2.14946
2.15897 2.18649
2.20785 2.22224
2.25672 2.25623
2.30559 2.28793
2.35447 2.31687
2.40334 2.34256
2.45221 2.36457
2.50109 2.38253
2.54996 2.39609
2.59883 2.40497
2.64771 2.40903
2.69658 2.40826
2.74545 2.40265
2.79432 2.39222
2.8432 2.37716
2.89207 2.35779
2.94094 2.33444
2.98982 2.30753
3.03869 2.27749
3.08756 2.24484
3.13644 2.21006
3.18531 2.17369
3.23418 2.13622
3.28306 2.09814
3.33193 2.05991
3.3808 2.02195
3.42968 1.98466
3.47855 1.94838
3.52742 1.91341
3.5763 1.88
3.62517 1.84838
3.67404 1.81874
3.72292 1.79123
3.77179 1.76597
3.82066 1.74305
3.86953 1.72255
3.91841 1.70454
3.96728 1.68906
4.01615 1.67613
4.06503 1.66578
4.1139 1.65804
4.16277 1.6529
4.21165 1.65039
4.26052 1.65048
4.30939 1.6532
4.35827 1.65853
4.40714 1.66647
4.45601 1.67702
4.50489 1.69016
4.55376 1.70585
4.60263 1.72407
4.65151 1.74478
4.70038 1.7679
4.74925 1.79337
4.79813 1.82107
4.847 1.85089
4.89587 1.88266
4.94474 1.91621
4.99362 1.95152
5.04249 1.99021
5.09136 2.0257
5.14024 2.06286
5.18911 2.10097
5.23798 2.13891
5.28686 2.17621
5.33573 2.21237
5.3846 2.2469
5.43348 2.2793
5.48235 2.30906
5.53122 2.33571
5.5801 2.35879
5.62897 2.37792
5.67784 2.39275
5.72672 2.40297
5.77559 2.40838
5.82446 2.40896
5.87334 2.40471
5.92221 2.39562
5.97108 2.38183
6.01996 2.36364
6.06883 2.34137
6.1177 2.31541
6.16657 2.2862
6.21545 2.25424
