0.0123734 5.5
0.0613041 5.44744
0.110235 5.39008
0.159166 5.32864
0.208096 5.26387
0.257027 5.19658
0.305958 5.12761
0.354889 5.05777
0.403819 4.98788
0.45275 4.91871
0.501681 4.85101
0.550611 4.78546
0.599542 4.72268
0.648473 4.66325
0.697404 4.60766
0.746334 4.55636
0.795265 4.50973
0.844196 4.46809
0.893127 4.43172
0.942057 4.40084
0.990988 4.37562
1.03992 4.3562
1.08885 4.34267
1.13778 4.33512
1.18671 4.33354
1.23564 4.33792
1.28457 4.34823
1.3335 4.36437
1.38243 4.38622
1.43136 4.4136
1.4803 4.4463
1.52923 4.48403
1.57816 4.52648
1.62709 4.57327
1.67602 4.62397
1.72495 4.67813
1.77388 4.73523
1.82281 4.79473
1.87174 4.85608
1.92067 4.91872
1.9696 4.98209
2.01853 5.04565
2.06746 5.10885
2.11639 5.1712
2.16533 5.2322
2.21426 5.29136
2.26319 5.34823
2.31212 5.40234
2.36105 5.45322
2.40998 5.50042
2.45891 5.54348
2.50784 5.58193
2.55677 5.61531
2.6057 5.64319
2.65463 5.66516
2.70356 5.68081
2.75249 5.6898
2.80143 5.69191
2.85036 5.687
2.89929 5.67489
2.94822 5.65555
2.99715 5.62914
3.04608 5.59586
3.09501 5.55604
3.14394 5.51012
3.19287 5.45863
3.2418 5.4022
3.29073 5.34152
3.33966 5.27736
3.38859 5.21053
3.43752 5.14184
3.48646 5.07211
3.53539 5.00217
3.58432 4.93279
3.63325 4.86473
3.68218 4.79868
3.73111 4.73529
3.78004 4.67513
3.82897 4.61871
3.8779 4.5665
3.92683 4.51889
3.97576 4.4762
4.02469 4.43873
4.07362 4.40671
4.12255 4.38031
4.17149 4.3597
4.22042 4.34496
4.26935 4.33618
4.31828 4.33338
4.36721 4.33654
4.41614 4.34564
4.46507 4.3606
4.514 4.38129
4.56293 4.40755
4.61186 4.43918
4.66079 4.4759
4.70972 4.51741
4.75865 4.56335
4.80759 4.61328
4.85652 4.66678
4.90545 4.72332
4.95438 4.78237
5.00331 4.84338
5.05224 4.90581
5.10117 4.96907
5.1501 5.03263
5.19903 5.09596
5.24796 5.15852
5.29689 5.21984
5.34582 5.27941
5.39475 5.33679
5.44368 5.3915
5.49262 5.44308
5.54155 5.49107
5.59048 5.53502
5.63941 5.57445
5.68834 5.60891
5.73727 5.63795
5.7862 5.66116
5.83513 5.67814
5.88406 5.68851
5.93299 5.69205
5.98192 5.68859
6.03085 5.67796
6.07978 5.6601
6.12871 5.63512
6.17765 5.60322
6.22658 5.56471
