0.00408008 2.2
0.0530317 2.25598
0.101983 2.31074
0.150935 2.36342
0.199887 2.4131
0.248838 2.45885
0.29779 2.49976
0.346742 2.53498
0.395693 2.56375
0.444645 2.58541
0.493597 2.59948
0.542548 2.60559
0.5915 2.60369
0.640452 2.59378
0.689403 2.57608
0.738355 2.55101
0.787307 2.51916
0.836258 2.48121
0.88521 2.43797
0.934162 2.3903
0.983113 2.33913
1.03207 2.28537
1.08102 2.2299
1.12997 2.17358
1.17892 2.11719
1.22787 2.06144
1.27682 2.00354
1.32578 1.95438
1.37473 1.90357
1.42368 1.85553
1.47263 1.81032
1.52158 1.76813
1.57053 1.7291
1.61949 1.69333
1.66844 1.66089
1.71739 1.63181
1.76634 1.60609
1.81529 1.58372
1.86424 1.56469
1.9132 1.54898
1.96215 1.53655
2.0111 1.52739
2.06005 1.52149
2.109 1.51881
2.15795 1.51937
2.20691 1.52314
2.25586 1.53015
2.30481 1.54041
2.35376 1.55392
2.40271 1.57072
2.45166 1.59082
2.50062 1.61423
2.54957 1.64098
2.59852 1.67106
2.64747 1.70446
2.69642 1.74114
2.74537 1.78104
2.79433 1.82403
2.84328 1.86997
2.89223 1.91863
2.94118 1.96974
2.99013 2.02292
3.03908 2.07773
3.08804 2.13364
3.13699 2.19001
3.18594 2.24611
3.23489 2.30115
3.28384 2.35427
3.33279 2.40454
3.38175 2.45106
3.4307 2.49289
3.47965 2.52918
3.5286 2.55914
3.57755 2.58211
3.6265 2.59755
3.67546 2.60509
3.72441 2.60461
3.77336 2.59612
3.82231 2.57977
3.87126 2.55597
3.92021 2.52528
3.96917 2.48835
4.01812 2.44599
4.06707 2.39904
4.11602 2.34843
4.16497 2.29506
4.21392 2.23983
4.26288 2.1836
4.31183 2.12717
4.36078 2.0713
4.40973 2.01531
4.45868 1.96304
4.50763 1.91238
4.55659 1.86385
4.60554 1.81813
4.65449 1.77539
4.70344 1.73579
4.75239 1.69944
4.80134 1.66641
4.8503 1.63673
4.89925 1.61041
4.9482 1.58745
4.99715 1.56782
5.0461 1.55152
5.09505 1.53852
5.14401 1.52878
5.19296 1.5223
5.24191 1.51905
5.29086 1.51903
5.33981 1.52224
5.38876 1.52867
5.43772 1.53835
5.48667 1.55129
5.53562 1.5675
5.58457 1.58701
5.63352 1.60983
5.68247 1.63599
5.73143 1.66548
5.78038 1.6983
5.82933 1.7344
5.87828 1.77373
5.92723 1.81618
5.97618 1.86161
6.02514 1.90981
6.07409 1.96051
6.12304 2.01335
6.17199 2.06791
6.22094 2.12367
