3.3335689554636616e-03 7.22
1.8023723134705349e-02 7.2
3.2520142352854720e-02 7.18
4.6841751248920538e-02 7.16
6.1015503562992457e-02 7.14
7.5062368383751910e-02 7.12
8.8993301116843782e-02 7.1
1.0283225533656548e-01 7.08
1.1659421568395612e-01 7.06
1.3029613643407423e-01 7.04
1.4394998730132258e-01 7.02
1.5757375269637919e-01 7
1.7118042722659865e-01 6.98
1.8478401030715830e-01 6.96
1.9839649689246031e-01 6.94
2.1203584604102055e-01 6.92
2.2571408774888013e-01 6.9
2.3944618142159158e-01 6.88
2.5324720178961346e-01 6.86
2.6713507335002706e-01 6.84
2.8111890100660641e-01 6.82
2.9522460896497194e-01 6.8
3.0946627215107281e-01 6.78
3.2386590503650758e-01 6.76
3.3844550723178823e-01 6.74
3.5322617339762452e-01 6.72
3.6823592306843356e-01 6.7
3.8350480577034851e-01 6.68
3.9906586597113858e-01 6.66
4.1495819324946126e-01 6.64
4.3122686204885241e-01 6.62
4.4792102170839243e-01 6.6
4.6510377656849045e-01 6.58
4.8284731098159295e-01 6.56
5.0124480877520572e-01 6.54
5.2040649920872539e-01 6.52
5.4047678582987935e-01 6.5
5.6165004720916656e-01 6.48
5.8418294635301571e-01 6.46
6.0845332549799913e-01 6.44
6.3502558103546480e-01 6.42
6.6485793157944162e-01 6.4
6.9976678169845741e-01 6.38
7.4430295157623139e-01 6.36
8.2571963124526615e-01 6.34
8.9299051524063344e-01 6.34
9.7457439026181092e-01 6.36
1.0193763869129464e+00 6.38
1.0546466656510542e+00 6.4
1.0849411368313104e+00 6.42
1.1120710753148213e+00 6.44
1.1370178400033399e+00 6.46
1.1603447275938077e+00 6.48
1.1824446305271792e+00 6.5
1.2035801720800237e+00 6.52
1.2239517811480853e+00 6.54
1.2437267713187712e+00 6.56
1.2630063926281894e+00 6.58
1.2819158485264275e+00 6.6
1.3005352538422672e+00 6.62
1.3189347133225358e+00 6.64
1.3371922861167995e+00 6.66
1.3553710465517854e+00 6.68
1.3735089951811235e+00 6.7
1.3916680863671154e+00 6.72
1.4099013295483918e+00 6.74
1.4282536440098941e+00 6.76
1.4467739342448755e+00 6.78
1.4655120488417896e+00 6.8
1.4844939137408417e+00 6.82
1.5037822403885679e+00 6.84
1.5233938952095709e+00 6.86
1.5433705907225015e+00 6.88
1.5637470098357689e+00 6.9
1.5845438360356106e+00 6.92
1.6057737177107203e+00 6.94
1.6274572606633075e+00 6.96
1.6495771145569584e+00 6.98
1.6721318594543675e+00 7
1.6950951331207573e+00 7.02
1.7184346071941068e+00 7.04
1.7421040842246907e+00 7.06
1.7660612597930410e+00 7.08
1.7902501168688829e+00 7.1
1.8146205169318836e+00 7.12
1.8391206558663615e+00 7.14
1.8637114523299569e+00 7.16
1.8883591158307063e+00 7.18
1.9130368415195953e+00 7.2
1.9377298214963368e+00 7.22
1.9624362657137588e+00 7.24
1.9871593363242983e+00 7.26
2.0119192639992765e+00 7.28
2.0367451120236844e+00 7.3
2.0616770655028525e+00 7.32
2.0867551495164633e+00 7.34
2.1120563969061124e+00 7.36
2.1376467120469282e+00 7.38
2.1636190834534439e+00 7.4
2.1901022301297619e+00 7.42
2.2172268798912214e+00 7.44
2.2451965351441991e+00 7.46
2.2742515921265660e+00 7.48
2.3047569834236867e+00 7.5
2.3372151978841451e+00 7.52
2.3724607715867734e+00 7.54
2.4119261373735323e+00 7.56
2.4587785323692426e+00 7.58
2.5234055226522614e+00 7.6
2.7034719400241229e+00 7.6
2.7624534874748150e+00 7.58
2.8034860532088395e+00 7.56
2.8369541360827455e+00 7.54
2.8660148372648315e+00 7.52
2.8920896460392456e+00 7.5
2.9160059733667865e+00 7.48
2.9382601814066760e+00 7.46
2.9592051587228063e+00 7.44
2.9790731748981898e+00 7.42
2.9980615775508994e+00 7.4
3.0162909696056808e+00 7.38
3.0338820264507298e+00 7.36
3.0509263947270284e+00 7.34
3.0674819240897069e+00 7.32
3.0836273400692082e+00 7.3
3.0994005528172224e+00 7.28
3.1148494053024365e+00 7.26
3.1300127712196435e+00 7.24
3.1449265689554640e+00 7.22
3.1596167231347057e+00 7.2
3.1741121423528540e+00 7.18
3.1884337512489207e+00 7.16
3.2026075035629926e+00 7.14
3.2166553683837513e+00 7.12
3.2305863011168441e+00 7.1
3.2444252553365658e+00 7.08
3.2581862156839563e+00 7.06
3.2718881364340753e+00 7.04
3.2855429873013229e+00 7.02
3.2991667526963795e+00 7
3.3127724272265979e+00 6.98
3.3263770103071586e+00 6.96
3.3399884968924596e+00 6.94
3.3536288460410191e+00 6.92
3.3673060877488794e+00 6.9
3.3810382114898836e+00 6.88
3.3948402017896129e+00 6.86
3.4087261034090659e+00 6.84
3.4227109010066066e+00 6.82
3.4368176089649722e+00 6.8
3.4510592721510722e+00 6.78
3.4654589050365079e+00 6.76
3.4800375072317884e+00 6.74
3.4948191733976230e+00 6.72
3.5098289230684330e+00 6.7
3.5250978057703488e+00 6.68
3.5406588659711389e+00 6.66
3.5565521932494608e+00 6.64
3.5728198620488527e+00 6.62
3.5895140217083927e+00 6.6
3.6066967765684907e+00 6.58
3.6244403109815941e+00 6.56
3.6428368087752059e+00 6.54
3.6619984992087247e+00 6.52
3.6820697858298796e+00 6.5
3.7032430472091669e+00 6.48
3.7257759463530142e+00 6.46
3.7500473254979987e+00 6.44
3.7766185810354642e+00 6.42
3.8064509315794410e+00 6.4
3.8413597816984577e+00 6.38
3.8858939515762323e+00 6.36
3.9673106312452653e+00 6.34
4.0345604553545389e+00 6.34
4.1161673902618112e+00 6.36
4.1609695717925330e+00 6.38
4.1962396428306405e+00 6.4
4.2265339440108969e+00 6.42
4.2536633824944072e+00 6.44
4.2786100471829265e+00 6.46
4.3019376347733944e+00 6.48
4.3240374377067656e+00 6.5
4.3451742792596102e+00 6.52
4.3655456883276713e+00 6.54
4.3853193784983571e+00 6.56
4.4045992998077752e+00 6.58
4.4235087557060133e+00 6.6
4.4421278610218540e+00 6.62
4.4605279205021224e+00 6.64
4.4787839932963864e+00 6.66
4.4969624537313715e+00 6.68
4.5151021023607099e+00 6.7
4.5332618935467019e+00 6.72
4.5514939367279785e+00 6.74
4.5698467511894805e+00 6.76
4.5883664414244612e+00 6.78
4.6071051560213752e+00 6.8
4.6260858209204274e+00 6.82
4.6453760475681545e+00 6.84
4.6649861023891575e+00 6.86
4.6849629979020886e+00 6.88
4.7053397170153550e+00 6.9
4.7261361432151974e+00 6.92
4.7473674248903057e+00 6.94
4.7690493678428938e+00 6.96
4.7911697217365443e+00 6.98
4.8137246666339539e+00 7
4.8137249666339539e+00 7
4.8366881403003434e+00 7.02
4.8600270143736930e+00 7.04
4.8836964914042769e+00 7.06
4.9076537669726266e+00 7.08
4.9318419240484683e+00 7.1
4.9562136241114700e+00 7.12
4.9807139329176717e+00 7.14
5.0053046595095427e+00 7.16
5.0299517230102913e+00 7.18
5.0546296486991809e+00 7.2
5.0793225286759220e+00 7.22
5.1040285728933439e+00 7.24
5.1287516435038842e+00 7.26
5.1535115711788633e+00 7.28
5.1783374192032703e+00 7.3
5.2032703726824385e+00 7.32
5.2283474566960493e+00 7.34
5.2536487040856974e+00 7.36
5.2792390192265151e+00 7.38
5.3052113906330316e+00 7.4
5.3316945373093478e+00 7.42
5.3588191870708082e+00 7.44
5.3867898423237843e+00 7.46
5.4158438993061520e+00 7.48
5.4463502906032737e+00 7.5
5.4788065050637309e+00 7.52
5.5140530787663611e+00 7.54
5.5535204445531186e+00 7.56
5.6003708395488285e+00 7.58
5.6649958298318479e+00 7.6
5.8450682472037077e+00 7.6
5.9040457946544009e+00 7.58
5.9450793301636908e+00 7.56
5.9785464432623314e+00 7.54
6.0076081444444167e+00 7.52
6.0336829532188325e+00 7.5
6.0575992805463734e+00 7.48
6.0798604583844451e+00 7.46
6.1007974659023914e+00 7.44
6.1206664820777759e+00 7.42
6.1396538847304853e+00 7.4
6.1578823069687285e+00 7.38
6.1754753336303168e+00 7.36
6.1925187019066135e+00 7.34
6.2090742312692928e+00 7.32
6.2252196472487942e+00 7.3
6.2409928599968083e+00 7.28
6.2564417124820233e+00 7.26
6.2716060783992305e+00 7.24
