0.00333357 7.22
0.0523044 7.15231
0.101275 7.08226
0.150246 7.01076
0.199217 6.9388
0.248188 6.86732
0.297159 6.79727
0.34613 6.72957
0.395101 6.66506
0.444071 6.60456
0.493042 6.54882
0.542013 6.49851
0.590984 6.45423
0.639955 6.41651
0.688926 6.38581
0.737897 6.36249
0.786868 6.34684
0.835839 6.33904
0.884809 6.3392
0.93378 6.3473
0.982751 6.36318
1.03172 6.38659
1.08069 6.41704
1.12966 6.45395
1.17863 6.49648
1.22761 6.54365
1.27658 6.59432
1.32555 6.64723
1.37452 6.70111
1.42349 6.75482
1.47246 6.80735
1.52143 6.85801
1.5704 6.90644
1.61937 6.95259
1.66834 6.99667
1.71731 7.03905
1.76629 7.08019
1.81526 7.12052
1.86423 7.16042
1.9132 7.20013
1.96217 7.23978
2.01114 7.27937
2.06011 7.31875
2.10908 7.35766
2.15805 7.39574
2.20702 7.43254
2.25599 7.46753
2.30496 7.50013
2.35394 7.52972
2.40291 7.55567
2.45188 7.57733
2.50085 7.59409
2.54982 7.60535
2.59879 7.6106
2.64776 7.60948
2.69673 7.60163
2.7457 7.58673
2.79467 7.56472
2.84364 7.53561
2.89262 7.49958
2.94159 7.4569
2.99056 7.40801
3.03953 7.35344
3.0885 7.29387
3.13747 7.23004
3.18644 7.1628
3.23541 7.09304
3.28438 7.0217
3.33335 6.94975
3.38232 6.87813
3.4313 6.80781
3.48027 6.73969
3.52924 6.67464
3.57821 6.61349
3.62718 6.55697
3.67615 6.5058
3.72512 6.46056
3.77409 6.42181
3.82306 6.39002
3.87203 6.36555
3.921 6.34872
3.96997 6.33971
4.01895 6.33866
4.06792 6.34556
4.11689 6.36027
4.16586 6.38255
4.21483 6.41197
4.2638 6.44795
4.31277 6.48968
4.36174 6.53622
4.41071 6.58643
4.45968 6.63908
4.50865 6.69289
4.55763 6.7467
4.6066 6.79946
4.65557 6.85044
4.70454 6.89922
4.75351 6.94584
4.80248 6.99322
4.85145 7.03338
4.90042 7.07403
4.94939 7.11442
4.99836 7.15436
5.04733 7.19409
5.0963 7.23375
5.14528 7.27335
5.19425 7.31277
5.24322 7.35178
5.29219 7.39001
5.34116 7.42704
5.39013 7.46234
5.4391 7.49535
5.48807 7.52544
5.53704 7.55198
5.58601 7.57433
5.63498 7.59188
5.68396 7.60402
5.73293 7.6102
5.7819 7.61008
5.83087 7.60327
5.87984 7.58946
5.92881 7.56853
5.97778 7.54049
6.02675 7.5055
6.07572 7.46382
6.12469 7.41583
6.17366 7.36209
6.22264 7.30323
