6.230314181544294e-03 6.26
1.497489400434038e-02 6.28
2.375100979777489e-02 6.3
3.256574246025945e-02 6.32
4.142298226383545e-02 6.34
5.032083096490680e-02 6.36
5.927822696280316e-02 6.38
6.828713857499391e-02 6.4
7.735655950201092e-02 6.42
8.649250167518474e-02 6.44
9.569896335869110e-02 6.46
1.049848752587117e-01 6.48
1.143581710739729e-01 6.5
1.238249226622443e-01 6.52
1.333831765167979e-01 6.54
1.430527596023641e-01 6.56
1.528426670363556e-01 6.58
1.627608715483815e-01 6.6
1.728084496092883e-01 6.62
1.830152056043319e-01 6.64
1.933792429495664e-01 6.66
2.039243928823868e-01 6.68
2.146576987730393e-01 6.7
2.256030701487557e-01 6.72
2.367853665479300e-01 6.74
2.482156827663839e-01 6.76
2.599377443084911e-01 6.78
2.719704996827375e-01 6.8
2.843548973848948e-01 6.82
2.971298165672387e-01 6.84
3.103480807936414e-01 6.86
3.240803655681663e-01 6.88
3.383936028370433e-01 6.9
3.533973220284174e-01 6.92
3.692102003230628e-01 6.94
3.860017295814675e-01 6.96
4.039992161851806e-01 6.98
4.235524960718129e-01 7
4.451671151403733e-01 7.02
4.697332805041050e-01 7.04
4.989718971239148e-01 7.06
5.375647812415352e-01 7.08
7.165528926233069e-01 7.08
7.572499704868862e-01 7.06
7.886020669040636e-01 7.04
8.152712859226003e-01 7.02
8.389832951118859e-01 7
8.606334024557363e-01 6.98
8.807260162607804e-01 6.96
8.996071002698169e-01 6.94
9.175030208252322e-01 6.92
9.345821699195325e-01 6.9
9.509691455635236e-01 6.88
9.667627251855322e-01 6.86
9.820375528784204e-01 6.84
9.968585314648388e-01 6.82
1.011277474858974e+00 6.8
1.025335261989231e+00 6.78
1.039066732158099e+00 6.76
1.052501724741211e+00 6.74
1.065669334519789e+00 6.72
1.078589313530079e+00 6.7
1.091283682076279e+00 6.68
1.103769409508998e+00 6.66
1.116061330625449e+00 6.64
1.128173524243973e+00 6.62
1.140119855248361e+00 6.6
1.151908369251522e+00 6.58
1.163550957973177e+00 6.56
1.175056557700117e+00 6.54
1.186434142816482e+00 6.52
1.197689857015465e+00 6.5
1.208830532138533e+00 6.48
1.219864124843205e+00 6.46
1.230796581226227e+00 6.44
1.241633970501850e+00 6.42
1.252378293854369e+00 6.4
1.263038418115014e+00 6.38
1.273617379318343e+00 6.36
1.284118178689296e+00 6.34
1.294547787513737e+00 6.32
1.304909132622383e+00 6.3
1.315205264596309e+00 6.28
1.325442100608017e+00 6.26
1.335619716314052e+00 6.24
1.345743562155941e+00 6.22
1.355817809921830e+00 6.2
1.365844938772689e+00 6.18
1.375827577840376e+00 6.16
1.385772004202411e+00 6.14
1.395679178978626e+00 6.12
1.405549172712443e+00 6.1
1.415390898133936e+00 6.08
1.425203662467268e+00 6.06
1.434994678070365e+00 6.04
1.444763915710478e+00 6.02
1.454512839595861e+00 6
1.454513236375879e+00 6
1.464246823476255e+00 5.98
1.473972096114151e+00 5.96
1.483686941106602e+00 5.94
1.493397785621251e+00 5.92
1.503109122991301e+00 5.9
1.512823059411198e+00 5.88
1.522541405881939e+00 5.86
1.532268083951704e+00 5.84
1.542008136928391e+00 5.82
1.551770979288354e+00 5.8
1.561550371781625e+00 5.78
1.571360058047666e+00 5.76
1.581199019932582e+00 5.74
1.591071955598857e+00 5.72
1.600986123821160e+00 5.7
1.610943666973852e+00 5.68
1.620951747045510e+00 5.66
1.631020422866827e+00 5.64
1.641146980940881e+00 5.62
1.651343170508572e+00 5.6
1.661615494554942e+00 5.58
1.671964629917504e+00 5.56
1.682407161584231e+00 5.54
1.692944496131844e+00 5.52
1.703590162680865e+00 5.5
1.714352589177955e+00 5.48
1.725238917848451e+00 5.46
1.736260246849153e+00 5.44
1.747430694552484e+00 5.42
1.758761073392378e+00 5.4
1.770268201729466e+00 5.38
1.781965788796807e+00 5.36
1.793873382659224e+00 5.34
1.806010190930694e+00 5.32
1.818397471126037e+00 5.3
1.831060952610139e+00 5.28
1.844026028837309e+00 5.26
1.857331958698982e+00 5.24
1.871010132509389e+00 5.22
1.885114204396208e+00 5.2
1.899687970815228e+00 5.18
1.914801706085743e+00 5.16
1.930528101726540e+00 5.14
1.946978645922310e+00 5.12
1.964264365829547e+00 5.1
1.982553746089279e+00 5.08
2.002064235020937e+00 5.06
2.023108924147734e+00 5.04
2.046171843289044e+00 5.02
2.071985573268921e+00 5
2.101939497777221e+00 4.98
2.139218431809917e+00 4.96
2.196198865231960e+00 4.94
2.316246754251344e+00 4.94
2.373314062649505e+00 4.96
2.410666034345188e+00 4.98
2.440689611032548e+00 5
2.466550031627761e+00 5.02
2.489638998343414e+00 5.04
2.510700830965008e+00 5.06
2.530214533296526e+00 5.08
2.548487696857177e+00 5.1
2.565740760706775e+00 5.12
2.582138060738601e+00 5.14
2.597801743726345e+00 5.16
2.612833075118563e+00 5.18
2.627308159302842e+00 5.2
2.641291187411689e+00 5.22
2.654835200108026e+00 5.24
2.667990330825604e+00 5.26
2.680777567015665e+00 5.28
2.693247067351587e+00 5.3
2.705421826932803e+00 5.32
2.717326904821217e+00 5.34
2.728978361629780e+00 5.36
2.740401159776981e+00 5.38
2.751612428432782e+00 5.4
2.762630128537753e+00 5.42
2.773462329873182e+00 5.44
2.784122990363318e+00 5.46
2.794627209561887e+00 5.48
2.804979988765906e+00 5.5
2.815197256167996e+00 5.52
2.825283102307843e+00 5.54
2.835248537565809e+00 5.56
2.845100545121537e+00 5.58
2.854843178723067e+00 5.6
2.864488421565267e+00 5.62
2.874038270443310e+00 5.64
2.883501774597567e+00 5.66
2.892884878387065e+00 5.68
2.902189592203711e+00 5.7
2.911419983013753e+00 5.72
2.920585008773654e+00 5.74
2.929689679889194e+00 5.76
2.938733057326816e+00 5.78
2.947724030343976e+00 5.8
2.956664722971561e+00 5.82
2.965559006307267e+00 5.84
2.974412964004285e+00 5.86
2.983227592886467e+00 5.88
2.992005930196633e+00 5.9
3.000750935371593e+00 5.92
3.009471572360657e+00 5.94
3.018165847040410e+00 5.96
3.026837860914902e+00 5.98
3.035492471725000e+00 6
3.035494438836987e+00 6
3.044133719738845e+00 6.02
3.052761709532656e+00 6.04
3.061379337738322e+00 6.06
3.069994593597077e+00 6.08
3.078604523469404e+00 6.1
3.087216050772236e+00 6.12
3.095835260846451e+00 6.14
3.104460103962449e+00 6.16
3.113096578435905e+00 6.18
3.121746666303615e+00 6.2
3.130416391243086e+00 6.22
3.139105682639554e+00 6.24
3.147822621361131e+00 6.26
3.156566201183927e+00 6.28
3.165345287043628e+00 6.3
3.174156049639846e+00 6.32
3.183016289443422e+00 6.34
3.191918138144493e+00 6.36
3.200871534142389e+00 6.38
3.209879445754580e+00 6.4
3.218949866681598e+00 6.42
3.228085808854771e+00 6.44
3.237292270538277e+00 6.46
3.246577182438299e+00 6.48
3.255950478253559e+00 6.5
3.265416229841831e+00 6.52
3.274973483696384e+00 6.54
3.284644066781951e+00 6.56
3.294433004214756e+00 6.58
3.304351208731429e+00 6.6
3.314402756788875e+00 6.62
3.324608512783919e+00 6.64
3.334970550129153e+00 6.66
3.345514730083981e+00 6.68
3.356250005952625e+00 6.7
3.367191407359611e+00 6.72
3.378370703763424e+00 6.74
3.389807989945971e+00 6.76
3.401528051488077e+00 6.78
3.413562806862323e+00 6.8
3.425947204564481e+00 6.82
3.438722123746825e+00 6.84
3.451940387973228e+00 6.86
3.465672672747752e+00 6.88
3.479985910016630e+00 6.9
3.494989629208004e+00 6.92
3.510803507502649e+00 6.94
3.527594036761053e+00 6.96
3.545591523364767e+00 6.98
3.565145803251399e+00 7
3.586757452420573e+00 7.02
3.611323617788924e+00 7.04
3.640565204303501e+00 7.06
3.679157088421122e+00 7.08
3.858146199802894e+00 7.08
3.898842277666473e+00 7.06
3.930194374083650e+00 7.04
3.956863593102187e+00 7.02
3.980575602291472e+00 7
4.002225709635323e+00 6.98
4.022318323440366e+00 6.96
4.041199407449403e+00 6.94
4.059095328004819e+00 6.92
4.076175477099119e+00 6.9
4.092561452743110e+00 6.88
4.108356032365119e+00 6.86
4.123629860058006e+00 6.84
4.138451838644425e+00 6.82
4.152869782038561e+00 6.8
4.166927569168818e+00 6.78
4.180659039337685e+00 6.76
4.194094031920796e+00 6.74
4.207261641699375e+00 6.72
4.220181620709665e+00 6.7
4.232876989255866e+00 6.68
4.245361716688585e+00 6.66
4.257653637805035e+00 6.64
4.269766831423560e+00 6.62
4.281712162427947e+00 6.6
4.293500676431108e+00 6.58
4.305143265152763e+00 6.56
4.316648864879704e+00 6.54
4.328027449996068e+00 6.52
4.339282164195051e+00 6.5
4.350422839318119e+00 6.48
4.361456432022791e+00 6.46
4.372389888405813e+00 6.44
4.383226277681436e+00 6.42
4.393970601033955e+00 6.4
4.404630725294600e+00 6.38
4.415209686497930e+00 6.36
4.425711485868883e+00 6.34
4.436140094693322e+00 6.32
4.446501439801969e+00 6.3
4.456797571775895e+00 6.28
4.467034407787603e+00 6.26
4.477213023493639e+00 6.24
4.487335395071027e+00 6.22
4.497410379921829e+00 6.2
4.507437078772689e+00 6.18
4.517420467840376e+00 6.16
4.527364444202410e+00 6.14
4.537272068978626e+00 6.12
4.547141392712443e+00 6.1
4.556983268133935e+00 6.08
4.566795772467268e+00 6.06
4.576587798070365e+00 6.04
4.586356415710478e+00 6.02
4.596105636375880e+00 6
4.605839423476255e+00 5.98
4.615564696114151e+00 5.96
4.625279541106602e+00 5.94
4.634990885621251e+00 5.92
4.644701722991301e+00 5.9
4.654416059411198e+00 5.88
4.664133905881939e+00 5.86
4.673861283951704e+00 5.84
4.683601136928391e+00 5.82
4.693363379288354e+00 5.8
4.703143171781625e+00 5.78
4.712952358047666e+00 5.76
4.722792019932582e+00 5.74
4.732664155598858e+00 5.72
4.742578723821159e+00 5.7
4.752535766973851e+00 5.68
4.762544247045509e+00 5.66
4.772613122866828e+00 5.64
4.782739480940881e+00 5.62
4.792935270508572e+00 5.6
4.803208494554942e+00 5.58
4.813557229917504e+00 5.56
4.823999361584232e+00 5.54
4.834536996131844e+00 5.52
4.845183062680865e+00 5.5
4.855945589177955e+00 5.48
4.866831617848451e+00 5.46
4.877853146849152e+00 5.44
4.889023194552483e+00 5.42
4.900353773392379e+00 5.4
4.911860901729465e+00 5.38
4.923558588796807e+00 5.36
4.935465882659224e+00 5.34
4.947602790930694e+00 5.32
4.959990371126037e+00 5.3
4.972653652610139e+00 5.28
4.985617728837310e+00 5.26
4.998924558698982e+00 5.24
5.012602332509389e+00 5.22
5.026707004396208e+00 5.2
5.041280770815228e+00 5.18
5.056394706085744e+00 5.16
5.072121001726540e+00 5.14
5.088571745922311e+00 5.12
5.105857265829547e+00 5.1
5.124146846089279e+00 5.08
5.143656935020937e+00 5.06
5.164701124147734e+00 5.04
5.187765243289045e+00 5.02
5.213577873268921e+00 5
5.243531697777221e+00 4.98
5.280811731809917e+00 4.96
5.337791965231960e+00 4.94
5.457839754251344e+00 4.94
5.514906062649506e+00 4.96
5.552259034345188e+00 4.98
5.582280611032548e+00 5
5.608143031627761e+00 5.02
5.631230998343414e+00 5.04
5.652294830965008e+00 5.06
5.671806533296525e+00 5.08
5.690079696857176e+00 5.1
5.707332760706775e+00 5.12
5.723731060738601e+00 5.14
5.739394743726344e+00 5.16
5.754425075118563e+00 5.18
5.768901159302843e+00 5.2
5.782884187411689e+00 5.22
5.796427200108027e+00 5.24
5.809577301135812e+00 5.26
5.822370567015666e+00 5.28
5.834840067351586e+00 5.3
5.847013826932804e+00 5.32
5.858915904821217e+00 5.34
5.870571361629779e+00 5.36
5.881998159776980e+00 5.38
5.893210428432782e+00 5.4
5.904223128537754e+00 5.42
5.915056329873182e+00 5.44
5.925716990363318e+00 5.46
5.936219209561887e+00 5.48
5.946572988765906e+00 5.5
5.956789256167996e+00 5.52
5.966876102307843e+00 5.54
5.976840567326325e+00 5.56
5.986691545121537e+00 5.58
5.996437178723067e+00 5.6
6.006080421565267e+00 5.62
6.015630270443310e+00 5.64
6.025093774597567e+00 5.66
6.034475878387065e+00 5.68
6.043781592203712e+00 5.7
6.053012983013753e+00 5.72
6.062179008773654e+00 5.74
6.071281679889194e+00 5.76
6.080326057326816e+00 5.78
6.089317030343977e+00 5.8
6.098257722971560e+00 5.82
6.107152006307266e+00 5.84
6.116005964004285e+00 5.86
6.124820592886468e+00 5.88
6.133597930196634e+00 5.9
6.142344935371593e+00 5.92
6.151063572360656e+00 5.94
6.159759847040410e+00 5.96
6.168430860914902e+00 5.98
6.177086438836987e+00 6
6.185726719738845e+00 6.02
6.194354709532655e+00 6.04
6.202973337738323e+00 6.06
6.211587593597077e+00 6.08
6.220197523469404e+00 6.1
6.228810050772236e+00 6.12
6.237428260846452e+00 6.14
6.246054103962449e+00 6.16
6.254688578435904e+00 6.18
6.263339666303615e+00 6.2
6.272008391243086e+00 6.22
6.280702682639554e+00 6.24
