4.7529887820198624e-02 1.1
9.5157655660296214e-02 1.08
1.4209959393653726e-01 1.06
1.8891855791845025e-01 1.04
2.3610655345215203e-01 1.02
2.8414554576089124e-01 1
3.3354355587909090e-01 0.98
3.8487659038375810e-01 0.96
4.3885775138287109e-01 0.94
4.9642514094645485e-01 0.92
5.5893501120561861e-01 0.9
6.2848366434826719e-01 0.88
7.0894178624027404e-01 0.86
8.0901793738276773e-01 0.84
9.6359513484946024e-01 0.82
1.2712469410727127e+00 0.82
1.4256983650309687e+00 0.84
1.5256577067870865e+00 0.86
1.6060051027461615e+00 0.88
1.6754520512428126e+00 0.9
1.7378441808630143e+00 0.92
1.7953068748175269e+00 0.94
1.8491863662920380e+00 0.96
1.9004257238356548e+00 0.98
1.9497320447362867e+00 1
1.9976834072181369e+00 1.02
2.0447877606252884e+00 1.04
2.0915231100024503e+00 1.06
2.1383893910530478e+00 1.08
2.1859435180360993e+00 1.1
2.2348833682803040e+00 1.12
2.2861636856001617e+00 1.14
2.3412660703473822e+00 1.16
2.4028518447542613e+00 1.18
2.4770702242335396e+00 1.2
2.5903042111890198e+00 1.22
2.7843997202867623e+00 1.22
2.8976852414250693e+00 1.2
2.9719572315667619e+00 1.18
3.0336025311292563e+00 1.16
3.0887655064602413e+00 1.14
3.1401134558600852e+00 1.12
3.1891218878201997e+00 1.1
3.2367506556602947e+00 1.08
3.2836925939365358e+00 1.06
3.3305105579184513e+00 1.04
3.3776995534521532e+00 1.02
3.4257385457608915e+00 1
3.4751355558790920e+00 0.98
3.5264705903837594e+00 0.96
3.5804507513828696e+00 0.94
3.6380181409464551e+00 0.92
3.7005150112056189e+00 0.9
3.7700726643482660e+00 0.88
3.8505347862402743e+00 0.86
3.9506119373827673e+00 0.84
4.1051901348494617e+00 0.82
4.4128381382522983e+00 0.82
4.5672905722105552e+00 0.84
4.6672505139666729e+00 0.86
4.7475970099257481e+00 0.88
4.8170445584223982e+00 0.9
4.8794374880426004e+00 0.92
4.9368996819971134e+00 0.94
4.9907799734716249e+00 0.96
5.0420187310152409e+00 0.98
5.0913243519158726e+00 1
5.0913248741911552e+00 1
5.1392763143977236e+00 1.02
5.1863801678048747e+00 1.04
5.2331160171820361e+00 1.06
5.2799815982326335e+00 1.08
5.3275360252156858e+00 1.1
5.3764756754598917e+00 1.12
5.4277559927797494e+00 1.14
5.4828583775269681e+00 1.16
5.5444461519338475e+00 1.18
5.6186635314131266e+00 1.2
5.7318975183686058e+00 1.22
5.9259950274663478e+00 1.22
6.0392795486046555e+00 1.2
6.1135505387463489e+00 1.18
6.1751938383088429e+00 1.16
6.2303578136398263e+00 1.14
6.2817067630396703e+00 1.12
