0.0106684 1.18
0.0591758 1.16442
0.107683 1.14738
0.156191 1.12892
0.204698 1.10949
0.253205 1.08932
0.301713 1.06882
0.35022 1.04779
0.398727 1.02824
0.447235 1.00366
0.495742 0.989639
0.54425 0.967136
0.592757 0.949769
0.641264 0.931931
0.689772 0.91556
0.738279 0.900157
0.786786 0.885926
0.835294 0.872912
0.883801 0.861131
0.932309 0.850618
0.980816 0.841393
1.02932 0.833469
1.07783 0.826852
1.12634 0.821548
1.17485 0.817561
1.22335 0.814893
1.27186 0.813545
1.32037 0.813516
1.36888 0.814807
1.41738 0.817418
1.46589 0.821349
1.5144 0.826599
1.5629 0.833162
1.61141 0.841035
1.65992 0.850211
1.70843 0.860678
1.75693 0.872416
1.80544 0.885389
1.85395 0.899582
1.90246 0.914955
1.95096 0.931297
1.99947 0.949098
2.04798 0.966517
2.09649 0.988714
2.14499 1.00302
2.1935 1.02752
2.24201 1.04709
2.29052 1.06813
2.33902 1.08864
2.38753 1.10884
2.43604 1.1283
2.48454 1.14677
2.53305 1.16394
2.58156 1.17951
2.63007 1.19321
2.67857 1.20476
2.72708 1.21394
2.77559 1.22054
2.8241 1.22441
2.8726 1.22551
2.92111 1.22385
2.96962 1.21943
3.01813 1.21229
3.06663 1.20262
3.11514 1.19061
3.16365 1.17652
3.21216 1.16059
3.26066 1.14314
3.30917 1.12444
3.35768 1.10481
3.40618 1.08454
3.45469 1.0639
3.5032 1.04316
3.55171 1.02255
3.60021 1.00229
3.64872 0.982558
3.69723 0.963522
3.74574 0.945316
3.79424 0.928053
3.84275 0.911827
3.89126 0.896711
3.93977 0.882764
3.98827 0.870032
4.03678 0.858548
4.08529 0.848337
4.1338 0.839415
4.1823 0.831797
4.23081 0.825488
4.27932 0.820494
4.32783 0.816817
4.37633 0.814459
4.42484 0.81342
4.47335 0.813701
4.52185 0.815302
4.57036 0.818222
4.61887 0.822463
4.66738 0.828021
4.71588 0.834893
4.76439 0.843073
4.8129 0.852553
4.86141 0.863319
4.90991 0.87535
4.95842 0.888618
5.00693 0.903084
5.05544 0.918697
5.10394 0.935394
5.15245 0.953089
5.20096 0.971681
5.24947 0.991048
5.29797 1.01104
5.34648 1.03149
5.39499 1.05219
5.44349 1.07292
5.492 1.09344
5.54051 1.11347
5.58902 1.13274
5.63752 1.15093
5.68603 1.16775
5.73454 1.18291
5.78305 1.19613
5.83155 1.20711
5.88006 1.21569
5.92857 1.22174
5.97708 1.22513
6.02558 1.22571
6.07409 1.22332
6.1226 1.2178
6.17111 1.20959
