0.00841399 0.00232
0.0572053 0.00229118
0.105997 0.00225981
0.154788 0.00222588
0.203579 0.0021902
0.252371 0.0021532
0.301162 0.00211537
0.349953 0.00207718
0.398745 0.00203907
0.447536 0.00200146
0.496327 0.00196472
0.545119 0.00192917
0.59391 0.00189504
0.642701 0.00186259
0.691493 0.00183212
0.740284 0.00180361
0.789075 0.00177733
0.837867 0.00175347
0.886658 0.00173196
0.935449 0.0017129
0.984241 0.00169627
1.03303 0.00168202
1.08182 0.00167157
1.13061 0.00166175
1.17941 0.00166
1.2282 0.00166
1.27699 0.00166
1.32578 0.00166
1.37457 0.00166
1.42336 0.00166307
1.47215 0.00167289
1.52095 0.00168393
1.56974 0.00169818
1.61853 0.00171524
1.66732 0.00173464
1.71611 0.00175644
1.7649 0.00178059
1.81369 0.00180725
1.86248 0.00183591
1.91128 0.00186665
1.96007 0.00189917
2.00886 0.00193344
2.05765 0.00196907
2.10644 0.00200579
2.15523 0.00204332
2.20402 0.00208128
2.25282 0.00211928
2.30161 0.00215685
2.3504 0.00219353
2.39919 0.00222885
2.44798 0.00226237
2.49677 0.00229342
2.54556 0.00232177
2.59436 0.00234652
2.64315 0.00236755
2.69194 0.00238435
2.74073 0.00239738
2.78952 0.0024
2.83831 0.0024
2.8871 0.0024
2.93589 0.0024
2.98469 0.00238869
3.03348 0.00237372
3.08227 0.00235389
3.13106 0.00233
3.17985 0.00230274
3.22864 0.00227224
3.27743 0.00223933
3.32623 0.00220425
3.37502 0.00216769
3.42381 0.00213013
3.4726 0.00209203
3.52139 0.00205384
3.57018 0.002016
3.61897 0.00197885
3.66776 0.00194279
3.71656 0.00190811
3.76535 0.00187499
3.81414 0.00184369
3.86293 0.00181444
3.91172 0.00178733
3.96051 0.00176237
4.0093 0.00173978
4.0581 0.00171969
4.10689 0.00170221
4.15568 0.00168756
4.20447 0.00167539
4.25326 0.00166556
4.30205 0.00166
4.35084 0.00166
4.39963 0.00166
4.44843 0.00166
4.49722 0.00166
4.54601 0.00166
4.5948 0.00166907
4.64359 0.0016789
4.69238 0.00169265
4.74117 0.00170845
4.78997 0.00172682
4.83876 0.00174774
4.88755 0.00177106
4.93634 0.00179664
4.98513 0.00182452
5.03392 0.00185449
5.08271 0.00188637
5.1315 0.00191992
5.1803 0.00195508
5.22909 0.00199142
5.27788 0.00202868
5.32667 0.00206652
5.37546 0.00210454
5.42425 0.00214234
5.47304 0.00217945
5.52184 0.00221535
5.57063 0.00224957
5.61942 0.00228173
5.66821 0.00231104
5.717 0.00233744
5.76579 0.00236029
5.81458 0.00237899
5.86337 0.00239232
5.91217 0.0024
5.96096 0.0024
6.00975 0.0024
6.05854 0.0024
6.10733 0.00239376
6.15612 0.00238071
6.20491 0.00236224
