8.5533373228967591e-03 2.2
3.5357875975378761e-02 2.18
6.1701275391339294e-02 2.16
8.7701417257471270e-02 2.14
1.1346333941843767e-01 2.12
1.3908093833918223e-01 2.1
1.6463820275040497e-01 2.08
1.9021710886030085e-01 2.06
2.1589363445599918e-01 2.04
2.4174682538321424e-01 2.02
2.6784761329001938e-01 2
2.9428000725360448e-01 1.98
3.2112905776896650e-01 1.96
3.4848674660493195e-01 1.94
3.7645507494273645e-01 1.92
4.0514813457198073e-01 1.9
4.3470186882015760e-01 1.88
4.6527642286710247e-01 1.86
4.9706372923623832e-01 1.84
5.3030601539245037e-01 1.82
5.6531328785938850e-01 1.8
6.0249976585780729e-01 1.78
6.4243964109051621e-01 1.76
6.8598217372747783e-01 1.74
7.3447895053021028e-01 1.72
7.9034584482309356e-01 1.7
8.5886383405175692e-01 1.68
9.5822570957167574e-01 1.66
1.2270736584508644e+00 1.66
1.3263830677797772e+00 1.68
1.3948516342677397e+00 1.7
1.4506741052725092e+00 1.72
1.4991334774708145e+00 1.74
1.5426426625793503e+00 1.76
1.5825560812091659e+00 1.78
1.6197191637906716e+00 1.8
1.6547120922267009e+00 1.82
1.6879419638444420e+00 1.84
1.7197259727251826e+00 1.86
1.7502970930665285e+00 1.88
1.7798565065265208e+00 1.9
1.8085601540563001e+00 1.92
1.8365431203823004e+00 1.94
1.8639223996776302e+00 1.96
1.8907980766711550e+00 1.98
1.9172651400884622e+00 2
1.9434065388561095e+00 2.02
1.9692993212000651e+00 2.04
1.9950274965754495e+00 2.06
2.0206630188469443e+00 2.08
2.0462828805716526e+00 2.1
2.0719660759611926e+00 2.12
2.0978005576924801e+00 2.14
2.1238792838295986e+00 2.16
2.1503052448166162e+00 2.18
2.1772033553451884e+00 2.2
2.2047145279327864e+00 2.22
2.2330197097427877e+00 2.24
2.2623447300034982e+00 2.26
2.2929894088708735e+00 2.28
2.3253675627360977e+00 2.3
2.3600967434514111e+00 2.32
2.3981534300393932e+00 2.34
2.4413045848267547e+00 2.36
2.4934420023650254e+00 2.38
2.5683489022479566e+00 2.4
2.7602275165527104e+00 2.4
2.8349840287242323e+00 2.38
2.8869790102870958e+00 2.36
2.9299917497047829e+00 2.34
2.9679159835832039e+00 2.32
3.0025207177883200e+00 2.3
3.0347793407530261e+00 2.28
3.0653095457358184e+00 2.26
3.0945270222999497e+00 2.24
3.1227286594120169e+00 2.22
3.1501453373228969e+00 2.2
3.1769508759753791e+00 2.18
3.2032942753913396e+00 2.16
3.2292944172574707e+00 2.14
3.2550553394184369e+00 2.12
3.2806739383391825e+00 2.1
3.3062312027504053e+00 2.08
3.3318101088603012e+00 2.06
3.3574866344559986e+00 2.04
3.3833388253832144e+00 2.02
3.4094406132900197e+00 2
3.4358730072536048e+00 1.98
3.4627220577689677e+00 1.96
3.4900797466049305e+00 1.94
3.5180480749427367e+00 1.92
3.5467411345719810e+00 1.9
3.5762948688201579e+00 1.88
3.6068694228671028e+00 1.86
3.6386557292362376e+00 1.84
3.6719010153924501e+00 1.82
3.7069052878593887e+00 1.8
3.7440917658578066e+00 1.78
3.7840326410905156e+00 1.76
3.8275751737274781e+00 1.74
3.8760709505302096e+00 1.72
3.9319388448230939e+00 1.7
4.0004558340517562e+00 1.68
4.0998177095716759e+00 1.66
4.3686664756304507e+00 1.66
4.4679753749593631e+00 1.68
4.5364440414473250e+00 1.7
4.5922666124520957e+00 1.72
4.6407262846504009e+00 1.74
4.6842355697589362e+00 1.76
4.7241480172355770e+00 1.78
4.7613118709702578e+00 1.8
4.7963050994062870e+00 1.82
4.8295340710240282e+00 1.84
4.8613186799047696e+00 1.86
4.8918898002461146e+00 1.88
4.9214490137061073e+00 1.9
4.9501526612358866e+00 1.92
4.9781356275618869e+00 1.94
5.0055137357487203e+00 1.96
5.0323912838507416e+00 1.98
5.0588576472680487e+00 2
5.0588577418110745e+00 2
5.0849993460356959e+00 2.02
5.1108923283796504e+00 2.04
5.1366203037550369e+00 2.06
5.1622555260265308e+00 2.08
5.1878751877512386e+00 2.1
5.2135587831407797e+00 2.12
5.2393929648720663e+00 2.14
5.2654718910091836e+00 2.16
5.2918979519962033e+00 2.18
5.3187956625247752e+00 2.2
5.3463078351123725e+00 2.22
5.3746130169223747e+00 2.24
5.4039370371830833e+00 2.26
5.4345817160504586e+00 2.28
5.4669618699156830e+00 2.3
5.5016890506309988e+00 2.32
5.5397467372189793e+00 2.34
5.5828968920063407e+00 2.36
5.6350353095446115e+00 2.38
5.7099432094275429e+00 2.4
5.9018188237322970e+00 2.4
5.9765773359038183e+00 2.38
6.0285723174666828e+00 2.36
6.0715840568843680e+00 2.34
6.1095102907627901e+00 2.32
6.1441130249679059e+00 2.3
6.1763716479326138e+00 2.28
6.2069028529154053e+00 2.26
6.2361193294795356e+00 2.24
6.2643209665916029e+00 2.22
