5.5747702297317403e-03 5.66
1.6687328297570581e-02 5.68
2.8007159880163890e-02 5.7
3.9563083782073960e-02 5.72
5.1370213065506931e-02 5.74
6.3465323436676435e-02 5.76
7.5877390035240744e-02 5.78
8.8643357139071455e-02 5.8
1.0181010053817197e-01 5.82
1.1543541867628271e-01 5.84
1.2958026985072024e-01 5.86
1.4433629333558606e-01 5.88
1.5980335770178833e-01 5.9
1.7612203879254462e-01 5.92
1.9347500814553342e-01 5.94
2.1212061210290223e-01 5.96
2.3245477215897381e-01 5.98
2.5507135001114101e-01 6
2.8107255445360657e-01 6.02
3.1277617243751710e-01 6.04
3.5782662847611846e-01 6.06
4.9588049754611241e-01 6.06
5.4215937287124483e-01 6.04
5.7509657395801472e-01 6.02
6.0231670663918102e-01 6
6.2614325137060778e-01 5.98
6.4767388692756978e-01 5.96
6.6751290972947785e-01 5.94
6.8604560395629655e-01 5.92
7.0353233682748773e-01 5.9
7.2015756857519353e-01 5.88
7.3606203532561754e-01 5.86
7.5134641861846241e-01 5.84
7.6609760097947266e-01 5.82
7.8038132385630288e-01 5.8
7.9425251936707575e-01 5.78
8.0775510186979194e-01 5.76
8.2092988745041495e-01 5.74
8.3380778025070335e-01 5.72
8.4641785561222882e-01 5.7
8.5878287924714414e-01 5.68
8.7092591319933454e-01 5.66
8.8286679322836648e-01 5.64
8.9461964102738456e-01 5.62
9.0620025218297862e-01 5.6
9.1762168888045181e-01 5.58
9.2889791652191533e-01 5.56
9.4003888710564887e-01 5.54
9.5105549313167259e-01 5.52
9.6195582956817205e-01 5.5
9.7274880527687202e-01 5.48
9.8344251234290248e-01 5.46
9.9404378964131723e-01 5.44
1.0045607203377163e+00 5.42
1.0150001567639837e+00 5.4
1.0253681373293597e+00 5.38
1.0356667973410589e+00 5.36
1.0459069504875114e+00 5.34
1.0560905786000356e+00 5.32
1.0662237604258396e+00 5.3
1.0763114749905602e+00 5.28
1.0863576682708045e+00 5.26
1.0963672896144381e+00 5.24
1.1063444340382969e+00 5.22
1.1162930671502025e+00 5.2
1.1262181321482041e+00 5.18
1.1361236422742005e+00 5.16
1.1460126107761672e+00 5.14
1.1558900105275800e+00 5.12
1.1657607775222392e+00 5.1
1.1756250633400942e+00 5.08
1.1854926504627219e+00 5.06
1.1953607649795526e+00 5.04
1.2052372369818887e+00 5.02
1.2151260977040099e+00 5
1.2250293900561333e+00 4.98
1.2349530438170380e+00 4.96
1.2449030381646669e+00 4.94
1.2548794590889614e+00 4.92
1.2648873063950781e+00 4.9
1.2749315072147489e+00 4.88
1.2850210209554760e+00 4.86
1.2951539874717000e+00 4.84
1.3053402504364211e+00 4.82
1.3155799819191252e+00 4.8
1.3258810660288027e+00 4.78
1.3362505186888889e+00 4.76
1.3466933371034768e+00 4.74
1.3572174967502857e+00 4.72
1.3678211643891691e+00 4.7
1.3785231002868130e+00 4.68
1.3893214738054152e+00 4.66
1.4002311878029072e+00 4.64
1.4112514090137518e+00 4.62
1.4223980178216120e+00 4.6
1.4336809755098390e+00 4.58
1.4451093428721329e+00 4.56
1.4566912057095838e+00 4.54
1.4684414938357184e+00 4.52
1.4803712930177486e+00 4.5
1.4925005170407086e+00 4.48
1.5048402426648817e+00 4.46
1.5174104901544920e+00 4.44
1.5302273496875234e+00 4.42
1.5433236516367188e+00 4.4
1.5567106804867699e+00 4.38
1.5704263005667718e+00 4.36
1.5845006314418182e+00 4.34
1.5989736503020886e+00 4.32
1.6138914317116964e+00 4.3
1.6293001220567636e+00 4.28
1.6452618297235766e+00 4.26
1.6618565771793179e+00 4.24
1.6791814432534693e+00 4.22
1.6973437372351814e+00 4.2
1.7164976125712093e+00 4.18
1.7368512385623518e+00 4.16
1.7586612292487303e+00 4.14
1.7823329778637955e+00 4.12
1.8084673968672540e+00 4.1
1.8380720316495189e+00 4.08
1.8731465514178520e+00 4.06
1.9187934460617377e+00 4.04
2.1383420173197649e+00 4.04
2.1839830512091858e+00 4.06
2.2190388286159450e+00 4.08
2.2486225223173246e+00 4.1
2.2747211032628663e+00 4.12
2.2983490222195009e+00 4.14
2.3201070701635498e+00 4.16
2.3403919689702306e+00 4.18
2.3594749272684545e+00 4.2
2.3775553036322599e+00 4.22
2.3947833845545805e+00 4.24
2.4112771837767255e+00 4.26
2.4271279452441465e+00 4.28
2.4424117629542117e+00 4.3
2.4571917926308586e+00 4.32
2.4715180055412560e+00 4.34
2.4854384146431396e+00 4.36
2.4989872186470468e+00 4.38
2.5121983271852848e+00 4.4
2.5251019333727704e+00 4.42
2.5377209008757386e+00 4.44
2.5500793978144358e+00 4.46
2.5621963633629665e+00 4.48
2.5740878946612682e+00 4.5
2.5857739147215177e+00 4.52
2.5972655384628442e+00 4.54
2.6085787095532389e+00 4.56
2.6197225267246402e+00 4.58
2.6307089631863114e+00 4.6
2.6415499582015620e+00 4.62
2.6522545204431189e+00 4.64
2.6628288860212699e+00 4.66
2.6732838007481394e+00 4.68
2.6836264195118726e+00 4.7
2.6938646033506988e+00 4.72
2.7040025898438671e+00 4.74
2.7140481839305863e+00 4.76
2.7240094385381290e+00 4.78
2.7338893861109828e+00 4.8
2.7436950101903044e+00 4.82
2.7534283963238000e+00 4.84
2.7630994025365041e+00 4.86
2.7727091837631566e+00 4.88
2.7822655714968363e+00 4.9
2.7917696941757857e+00 4.92
2.8012285056941639e+00 4.94
2.8106440651242650e+00 4.96
2.8200222865837308e+00 4.98
2.8293681610874071e+00 5
2.8386837578555575e+00 5.02
2.8479730634921516e+00 5.04
2.8572410173097929e+00 5.06
2.8664897578973143e+00 5.08
2.8757260902377197e+00 5.1
2.8849502002207892e+00 5.12
2.8941679666112510e+00 5.14
2.9033843936683930e+00 5.16
2.9126025077034399e+00 5.18
2.9218252953225399e+00 5.2
2.9310587431378696e+00 5.22
2.9403058477669308e+00 5.24
2.9495686728219361e+00 5.26
2.9588560938021331e+00 5.28
2.9681711017103076e+00 5.3
2.9775168086681703e+00 5.32
2.9868971759874832e+00 5.34
2.9963210955888115e+00 5.36
3.0057926146244220e+00 5.38
3.0153128287282662e+00 5.4
3.0248945439059618e+00 5.42
3.0345408105877887e+00 5.44
3.0442556858498264e+00 5.46
3.0540520274016245e+00 5.48
3.0639299947224039e+00 5.5
3.0739034366881803e+00 5.52
3.0839764136468357e+00 5.54
3.0941637710939389e+00 5.56
3.1044735858952919e+00 5.58
3.1149148456417279e+00 5.6
3.1255014949174722e+00 5.62
3.1362484419934979e+00 5.64
3.1471677702297320e+00 5.66
3.1582803282975700e+00 5.68
3.1696001598801633e+00 5.7
3.1811550837820732e+00 5.72
3.1929632130655072e+00 5.74
3.2050573234366766e+00 5.76
3.2174693900352409e+00 5.78
3.2302353571390707e+00 5.8
3.2434031005381723e+00 5.82
3.2570284186762812e+00 5.84
3.2711732698507205e+00 5.86
3.2859292933355864e+00 5.88
3.3013953577017876e+00 5.9
3.3177150387925440e+00 5.92
3.3350670081455327e+00 5.94
3.3537155822485420e+00 5.96
3.3740477721589741e+00 5.98
3.3966633500111421e+00 6
3.4226625544536056e+00 6.02
3.4543731724375171e+00 6.04
3.4994186284761195e+00 6.06
3.6374704975461114e+00 6.06
3.6837522310508315e+00 6.04
3.7166893011376008e+00 6.02
3.7439079138187670e+00 6
3.7677360185501940e+00 5.98
3.7892663941071558e+00 5.96
3.8091048169090649e+00 5.94
3.8276381111358821e+00 5.92
3.8451248440070742e+00 5.9
3.8617506757547799e+00 5.88
3.8776551425052039e+00 5.86
3.8929387257980488e+00 5.84
3.9076896081590586e+00 5.82
3.9219740310358890e+00 5.8
3.9358447265466623e+00 5.78
3.9493482090493779e+00 5.76
3.9625224946300008e+00 5.74
3.9754006874302892e+00 5.72
3.9880102627918155e+00 5.7
4.0003757864267309e+00 5.68
4.0125188203789213e+00 5.66
4.0244590004079530e+00 5.64
4.0362104779815917e+00 5.62
4.0477926593625648e+00 5.6
4.0592151960600376e+00 5.58
4.0704913237015017e+00 5.56
4.0816312942852342e+00 5.54
4.0926472300623624e+00 5.52
4.1035487367477588e+00 5.5
4.1143417124564579e+00 5.48
4.1250349195224878e+00 5.46
4.1356372968209030e+00 5.44
4.1461535275173027e+00 5.42
4.1565932639435701e+00 5.4
4.1669607445089456e+00 5.38
4.1772598045206450e+00 5.36
4.1874989576670973e+00 5.34
4.1976838857796217e+00 5.32
4.2078165676054260e+00 5.3
4.2179030118646583e+00 5.28
4.2279499754503904e+00 5.26
4.2379606967940244e+00 5.24
4.2479374412178830e+00 5.22
4.2578859743297883e+00 5.2
4.2678111393277902e+00 5.18
4.2777164494537869e+00 5.16
4.2876057179557536e+00 5.14
4.2974828177071656e+00 5.12
4.3073536847018250e+00 5.1
4.3172180705196794e+00 5.08
4.3270853576423081e+00 5.06
4.3369531721591388e+00 5.04
4.3468299441614748e+00 5.02
4.3567188048835961e+00 5
4.3666228972357199e+00 4.98
4.3765462509966238e+00 4.96
4.3864957453442530e+00 4.94
4.3964721662685475e+00 4.92
4.4064794135746643e+00 4.9
4.4165246143943344e+00 4.88
4.4266137281350630e+00 4.86
4.4367458946512865e+00 4.84
4.4469327576160076e+00 4.82
4.4571722890987111e+00 4.8
4.4674741732083891e+00 4.78
4.4778445962972082e+00 4.76
4.4882862442830627e+00 4.74
4.4988100039298722e+00 4.72
4.5094141715687552e+00 4.7
4.5201156074663995e+00 4.68
4.5309147809850021e+00 4.66
4.5418239949824946e+00 4.64
4.5528440161933377e+00 4.62
4.5639902250011986e+00 4.6
4.5752735826894249e+00 4.58
4.5867020500517199e+00 4.56
4.5982835128891706e+00 4.54
4.6100343010153040e+00 4.52
4.6219644001973350e+00 4.5
4.6340927242202952e+00 4.48
4.6464330498444681e+00 4.46
4.6590037973340781e+00 4.44
4.6718206568671095e+00 4.42
4.6849159588163047e+00 4.4
4.6983029876663558e+00 4.38
4.7120186077463586e+00 4.36
4.7260929386214041e+00 4.34
4.7405659574816745e+00 4.32
4.7554837388912823e+00 4.3
4.7708934292363496e+00 4.28
4.7868541369031625e+00 4.26
4.8034488843589038e+00 4.24
4.8207737504330552e+00 4.22
4.8389360444147673e+00 4.2
4.8580899197507952e+00 4.18
4.8784435457419377e+00 4.16
4.9002535364283171e+00 4.14
4.9239252850433815e+00 4.12
4.9500597040468399e+00 4.1
4.9796663388291051e+00 4.08
5.0147388585974388e+00 4.06
5.0603857532413246e+00 4.04
5.2799363244993520e+00 4.04
5.3255763583887710e+00 4.06
5.3606321357955302e+00 4.08
5.3902148294969114e+00 4.1
5.4163144104424532e+00 4.12
5.4399403293990876e+00 4.14
5.4617003773431367e+00 4.16
5.4819852761498158e+00 4.18
5.5010672344480414e+00 4.2
5.5191476108118467e+00 4.22
5.5363766917341666e+00 4.24
5.5528704909563116e+00 4.26
5.5687202524237325e+00 4.28
5.5840050701337987e+00 4.3
5.5987850998104456e+00 4.32
5.6131113127208421e+00 4.34
5.6270307218227256e+00 4.36
5.6405795258266327e+00 4.38
5.6537916343648718e+00 4.4
5.6666942405523564e+00 4.42
5.6793142080553256e+00 4.44
5.6916717049940235e+00 4.46
5.7037886705425525e+00 4.48
5.7156812018408552e+00 4.5
5.7273662219011037e+00 4.52
5.7388588456424294e+00 4.54
5.7501710167328248e+00 4.56
5.7613158339042254e+00 4.58
5.7723012703658991e+00 4.6
5.7831422653811480e+00 4.62
5.7938468276227058e+00 4.64
5.8044211932008576e+00 4.66
5.8148761079277254e+00 4.68
5.8252187266914586e+00 4.7
5.8354569105302847e+00 4.72
5.8455948970234539e+00 4.74
5.8556404911101740e+00 4.76
5.8656007752937391e+00 4.78
5.8754816932905687e+00 4.8
5.8852873173698894e+00 4.82
5.8950217035033861e+00 4.84
5.9046927097160893e+00 4.86
5.9143024909427417e+00 4.88
5.9238588786764232e+00 4.9
5.9333630013553726e+00 4.92
5.9428218128737509e+00 4.94
5.9522363723038518e+00 4.96
5.9616155937633177e+00 4.98
5.9709614386387306e+00 5
5.9802760650351434e+00 5.02
5.9895653706717384e+00 5.04
5.9988343244893780e+00 5.06
6.0080820650769002e+00 5.08
6.0173183974173066e+00 5.1
6.0265425074003751e+00 5.12
6.0357612737908379e+00 5.14
6.0449777008479781e+00 5.16
6.0541948148830258e+00 5.18
6.0634186025021268e+00 5.2
6.0726510503174556e+00 5.22
6.0818981549465168e+00 5.24
6.0911609800015238e+00 5.26
6.1004484009817181e+00 5.28
6.1097634088898953e+00 5.3
6.1191091158477562e+00 5.32
6.1284894831670691e+00 5.34
6.1379144027683985e+00 5.36
6.1473849218040089e+00 5.38
6.1569051359078522e+00 5.4
6.1664868510855468e+00 5.42
6.1761331177673746e+00 5.44
6.1858479930294141e+00 5.46
6.1956443345812104e+00 5.48
6.2055233019019909e+00 5.5
6.2154957438677680e+00 5.52
6.2255677208264224e+00 5.54
6.2357570782735259e+00 5.56
6.2460658930748778e+00 5.58
6.2565071528213139e+00 5.6
6.2670938020970572e+00 5.62
6.2778417491730849e+00 5.64
