1.237337789203963e-02 5.5
3.156307452984830e-02 5.48
5.003453180432693e-02 5.46
6.787959429371870e-02 5.44
8.519110966518717e-02 5.42
1.020318995830349e-01 5.4
1.184748787319680e-01 5.38
1.345609657573714e-01 5.36
1.503320671691641e-01 5.34
1.658221437996694e-01 5.32
1.810711010512822e-01 5.3
1.961069133349156e-01 5.28
2.109525236220051e-01 5.26
2.256289360073023e-01 5.24
2.401660196994522e-01 5.22
2.545738611830570e-01 5.2
2.688763575879012e-01 5.18
2.830884856922804e-01 5.16
2.972282816320551e-01 5.14
3.113076722543990e-01 5.12
3.253396846619081e-01 5.1
3.393442908870465e-01 5.08
3.533274706038316e-01 5.06
3.673121888655579e-01 5.04
3.813014936380634e-01 5.02
3.953123412142254e-01 5
4.093587677654398e-01 4.98
4.234517230205794e-01 4.96
4.376052112462983e-01 4.94
4.518322754023032e-01 4.92
4.661488856268479e-01 4.9
4.805690348641845e-01 4.88
4.951047616057034e-01 4.86
5.097760472720072e-01 4.84
5.246008871165806e-01 4.82
5.395933377310369e-01 4.8
5.547754147730393e-01 4.78
5.701700815457240e-01 4.76
5.857914105554194e-01 4.74
6.016884037238217e-01 4.72
6.178710562822767e-01 4.7
6.343734837325741e-01 4.68
6.512376676160816e-01 4.66
6.685046620033681e-01 4.64
6.862215212403813e-01 4.62
7.044483469767977e-01 4.6
7.232521636955198e-01 4.58
7.427131345032274e-01 4.56
7.629343020675412e-01 4.54
7.840359108928192e-01 4.52
8.061780625124824e-01 4.5
8.295660965294989e-01 4.48
8.544823161647912e-01 4.46
8.813212172029363e-01 4.44
9.106765810834547e-01 4.42
9.435176033777157e-01 4.4
9.816164887386778e-01 4.38
1.029057412209804e+00 4.36
1.102297836819302e+00 4.34
1.248192553311595e+00 4.34
1.321836343870665e+00 4.36
1.369709600816901e+00 4.38
1.408257902717783e+00 4.4
1.441584266032446e+00 4.42
1.471439992687126e+00 4.44
1.498812271581379e+00 4.46
1.524286822819931e+00 4.48
1.548261151225478e+00 4.5
1.571012630388884e+00 4.52
1.592754479520663e+00 4.54
1.613640891000868e+00 4.56
1.633800031946244e+00 4.58
1.653329006384190e+00 4.6
1.672307886694434e+00 4.62
1.690802795022361e+00 4.64
1.708885716473515e+00 4.66
1.726589774232622e+00 4.68
1.743968942247230e+00 4.7
1.761047327758476e+00 4.72
1.777874901833224e+00 4.74
1.794467699323382e+00 4.76
1.810858716982944e+00 4.78
1.827067987426358e+00 4.8
1.843119162601826e+00 4.82
1.859035063036076e+00 4.84
1.874828590932786e+00 4.86
1.890524370376015e+00 4.88
1.906129749536498e+00 4.9
1.921665119188753e+00 4.92
1.937145575197881e+00 4.94
1.952585177570682e+00 4.96
1.967994642306159e+00 4.98
1.983386864646939e+00 5
1.998779175184100e+00 5.02
2.014182096529971e+00 5.04
2.029605742529296e+00 5.06
2.045069033832682e+00 5.08
2.060578206162063e+00 5.1
2.076151018538913e+00 5.12
2.091799039754644e+00 5.14
2.107535471587893e+00 5.16
2.123376567439403e+00 5.18
2.139337590587851e+00 5.2
2.155433063666562e+00 5.22
2.171683380631205e+00 5.24
2.188106143149295e+00 5.26
2.204721703490329e+00 5.28
2.221551556760887e+00 5.3
2.238623780177053e+00 5.32
2.255965639045283e+00 5.34
2.273607608699717e+00 5.36
2.291586808130145e+00 5.38
2.309946191123962e+00 5.4
2.328734019790185e+00 5.42
2.348007599834341e+00 5.44
2.367836850712921e+00 5.46
2.388307326375048e+00 5.48
2.409522593103189e+00 5.5
2.431616240763014e+00 5.52
2.454760526422890e+00 5.54
2.479191314657729e+00 5.56
2.505232017384027e+00 5.58
2.533362818676307e+00 5.6
2.564344878637899e+00 5.62
2.599540421914622e+00 5.64
2.641818933373706e+00 5.66
2.700395000681612e+00 5.68
2.881992012813797e+00 5.68
2.938418385227742e+00 5.66
2.978554204561014e+00 5.64
3.011624230895478e+00 5.62
3.040488384855226e+00 5.6
3.066516193307078e+00 5.58
3.090469282418449e+00 5.56
3.112827748630488e+00 5.54
3.133915045925408e+00 5.52
3.153966685071626e+00 5.5
3.173156381709435e+00 5.48
3.191626838983913e+00 5.46
3.209471901473305e+00 5.44
3.226785387117230e+00 5.42
3.243630206762621e+00 5.4
3.260067185911554e+00 5.38
3.276152272936958e+00 5.36
3.291923374348750e+00 5.34
3.307414450979255e+00 5.32
3.322664408230869e+00 5.3
3.337690220514501e+00 5.28
3.352544830801592e+00 5.26
3.367222213501820e+00 5.24
3.381756356559381e+00 5.22
3.396166168362643e+00 5.2
3.410468664767487e+00 5.18
3.424679792871866e+00 5.16
3.438820588811641e+00 5.14
3.452898979433985e+00 5.12
3.466932991841494e+00 5.1
3.480936598066633e+00 5.08
3.494920777783418e+00 5.06
3.508903496045143e+00 5.04
3.522893800817650e+00 5.02
3.536905648393811e+00 5
3.550951074945026e+00 4.98
3.565044030200165e+00 4.96
3.579198518425884e+00 4.94
3.593425582581889e+00 4.92
3.607742192806434e+00 4.9
3.622162342043771e+00 4.88
3.636697068785290e+00 4.86
3.651369354451593e+00 4.84
3.666192223881705e+00 4.82
3.681185644910623e+00 4.8
3.696368721952626e+00 4.78
3.711762388725311e+00 4.76
3.727390717735005e+00 4.74
3.743280710903408e+00 4.72
3.759461393018846e+00 4.7
3.775966790912160e+00 4.68
3.792829974795668e+00 4.66
3.810096969182954e+00 4.64
3.827814828419967e+00 4.62
3.846041654156384e+00 4.6
3.864844470875107e+00 4.58
3.884306441682813e+00 4.56
3.904526609247127e+00 4.54
3.925627218072406e+00 4.52
3.947770369692069e+00 4.5
3.971158403709086e+00 4.48
3.996074623344378e+00 4.46
4.022914524382522e+00 4.44
4.052269888263041e+00 4.42
4.085109910557302e+00 4.4
4.123208795918264e+00 4.38
4.170649719389391e+00 4.36
4.243889143998889e+00 4.34
4.389784860491182e+00 4.34
4.463427651050251e+00 4.36
4.511302907996487e+00 4.38
4.549850209897370e+00 4.4
4.583176573212032e+00 4.42
4.613033299866713e+00 4.44
4.640404578760965e+00 4.46
4.665879129999518e+00 4.48
4.689853458405065e+00 4.5
4.712606937568470e+00 4.52
4.734347786700249e+00 4.54
4.755233198180455e+00 4.56
4.775392339125830e+00 4.58
4.794921313563777e+00 4.6
4.813900193874020e+00 4.62
4.832395102201947e+00 4.64
4.850478023653102e+00 4.66
4.868182081412208e+00 4.68
4.885561249426816e+00 4.7
4.902640634938062e+00 4.72
4.919467209012811e+00 4.74
4.936060006502968e+00 4.76
4.952451024162530e+00 4.78
4.968660307426358e+00 4.8
4.984711862601826e+00 4.82
5.000627673036075e+00 4.84
5.016420770932785e+00 4.86
5.032117100376015e+00 4.88
5.047722739536497e+00 4.9
5.063258619188753e+00 4.92
5.078738775197881e+00 4.94
5.094178177570682e+00 4.96
5.109587842306159e+00 4.98
5.124979764646939e+00 5
5.140371875184099e+00 5.02
5.155775196529971e+00 5.04
5.171197742529296e+00 5.06
5.186661433832682e+00 5.08
5.202170306162063e+00 5.1
5.217743318538913e+00 5.12
5.233391439754643e+00 5.14
5.249127671587893e+00 5.16
5.264968967439403e+00 5.18
5.280930290587851e+00 5.2
5.297025663666562e+00 5.22
5.313275980631205e+00 5.24
5.329699243149294e+00 5.26
5.346314403490329e+00 5.28
5.363144456760887e+00 5.3
5.380216280177053e+00 5.32
5.397558839045283e+00 5.34
5.415200108699716e+00 5.36
5.433180008130145e+00 5.38
5.451539391123962e+00 5.4
5.470326219790185e+00 5.42
5.489600399834341e+00 5.44
5.509429750712922e+00 5.46
5.529900126375048e+00 5.48
5.551115293103189e+00 5.5
5.573209040763014e+00 5.52
5.596353026422889e+00 5.54
5.620783814657729e+00 5.56
5.646824817384027e+00 5.58
5.674956118676307e+00 5.6
5.705937378637898e+00 5.62
5.741133121914622e+00 5.64
5.783412233373706e+00 5.66
5.841982530470335e+00 5.68
6.023588983025073e+00 5.68
6.080009385227742e+00 5.66
6.120147204561015e+00 5.64
6.153216230895477e+00 5.62
6.182081384855227e+00 5.6
6.208109193307078e+00 5.58
6.232062282418449e+00 5.56
6.254422748630488e+00 5.54
6.275507045925409e+00 5.52
