1.2103194931254890e-02 3.54
2.7169374250883394e-02 3.56
4.2648648584529880e-02 3.58
5.8600073019721144e-02 3.6
7.5105507610635946e-02 3.62
9.2270688729477968e-02 3.64
1.1021364195662464e-01 3.66
1.2910613663008785e-01 3.68
1.4919064554283068e-01 3.7
1.7078897270792837e-01 3.72
1.9440846483843188e-01 3.74
2.2090891665264856e-01 3.76
2.5192440717626674e-01 3.78
2.9159376557220895e-01 3.8
3.6660362393021373e-01 3.82
4.1753852524244017e-01 3.82
4.9286910321882971e-01 3.8
5.3285525165035352e-01 3.78
5.6418153106074342e-01 3.76
5.9098689578762631e-01 3.74
6.1490921413354815e-01 3.72
6.3680154768442421e-01 3.7
6.5717225703753712e-01 3.68
6.7635168548340729e-01 3.66
6.9457377297631417e-01 3.64
7.1200927988685336e-01 3.62
7.2878388588085485e-01 3.6
7.4499859018850945e-01 3.58
7.6073426833858626e-01 3.56
7.7605374665011162e-01 3.54
7.9101209880806245e-01 3.52
8.0565516468115650e-01 3.5
8.2002191685540993e-01 3.48
8.3414429425159842e-01 3.46
8.4805328753504661e-01 3.44
8.6177379966622603e-01 3.42
8.7532793613119608e-01 3.4
8.8873762017283298e-01 3.38
9.0202076154475108e-01 3.36
9.1519534198918873e-01 3.34
9.2827738159827078e-01 3.32
9.4127989136071477e-01 3.3
9.5421585535422793e-01 3.28
9.6710118339088247e-01 3.26
9.7994498328761992e-01 3.24
9.9276012428374205e-01 3.22
1.0055596175727946e+00 3.2
1.0183505484344941e+00 3.18
1.0311457996490265e+00 3.16
1.0439534633923504e+00 3.14
1.0567855078967998e+00 3.12
1.0696538475455464e+00 3.1
1.0825645655163747e+00 3.08
1.0955296637162588e+00 3.06
1.1085610364210634e+00 3.04
1.1216658070725867e+00 3.02
1.1348588584662158e+00 3
1.1481473008992769e+00 2.98
1.1615450799881133e+00 2.96
1.1750622091127916e+00 2.94
1.1887117016604654e+00 2.92
1.2025085012160552e+00 2.9
1.2164646929790282e+00 2.88
1.2305952205224440e+00 2.86
1.2449161399097530e+00 2.84
1.2594473384771963e+00 2.82
1.2742020138647803e+00 2.8
1.2892020805382032e+00 2.78
1.3044724840222557e+00 2.76
1.3200333637270489e+00 2.74
1.3359156089157143e+00 2.72
1.3521453318268355e+00 2.7
1.3687575322308287e+00 2.68
1.3857921691614354e+00 2.66
1.4032854400940611e+00 2.64
1.4212971489392618e+00 2.62
1.4398794795427383e+00 2.6
1.4591004470615800e+00 2.58
1.4790411092523694e+00 2.56
1.4997995664506778e+00 2.54
1.5214968536803140e+00 2.52
1.5442830485316428e+00 2.5
1.5683474125404446e+00 2.48
1.5939480222827189e+00 2.46
1.6214331227747563e+00 2.44
1.6512951600766241e+00 2.42
1.6842976280465027e+00 2.4
1.7217094668745183e+00 2.38
1.7659923083084816e+00 2.36
1.8233208562237841e+00 2.34
1.9363373794931604e+00 2.32
1.9992732702811828e+00 2.32
2.1123371019421313e+00 2.34
2.1697067472785676e+00 2.36
2.2140169312823712e+00 2.38
2.2514578727178804e+00 2.4
2.2844865019981828e+00 2.42
2.3143706741794645e+00 2.44
2.3418700533690213e+00 2.46
2.3674828592373274e+00 2.48
2.3915563677310097e+00 2.5
2.4143438779958082e+00 2.52
2.4360403890128381e+00 2.54
2.4567930544888252e+00 2.56
2.4767249836266352e+00 2.58
2.4959312496825330e+00 2.6
2.5144948523131401e+00 2.62
2.5324809208986991e+00 2.64
2.5499513586639395e+00 2.66
2.5669513894668494e+00 2.68
2.5835279030928255e+00 2.7
2.5997159688074074e+00 2.72
2.6155536154458172e+00 2.74
2.6310638179902881e+00 2.76
2.6462796570495204e+00 2.78
2.6612210807111953e+00 2.8
2.6759131135415792e+00 2.82
2.6903718986697491e+00 2.84
2.7046212387423125e+00 2.86
2.7186742456171338e+00 2.88
2.7325469213311582e+00 2.9
2.7462552634927313e+00 2.92
2.7598132741591197e+00 2.94
2.7732329800564344e+00 2.96
2.7865273675734716e+00 2.98
2.7997093939615887e+00 3
2.8127872002435907e+00 3.02
2.8257775890418486e+00 3.04
2.8386857058660446e+00 3.06
2.8515244855833846e+00 3.08
2.8643039167678861e+00 3.1
2.8770331136177276e+00 3.12
2.8897239055741135e+00 3.14
2.9023863776679875e+00 3.16
2.9150275610432335e+00 3.18
2.9276623637205930e+00 3.2
2.9402958728624426e+00 3.22
2.9529430322648622e+00 3.24
2.9656157430989118e+00 3.26
2.9783221351155387e+00 3.28
2.9910771297471577e+00 3.3
3.0038907580866621e+00 3.32
3.0167779773038390e+00 3.34
3.0297528050614435e+00 3.36
3.0428331335333247e+00 3.38
3.0560349803597173e+00 3.4
3.0693763765704105e+00 3.42
3.0828743397865459e+00 3.44
3.0965587060809199e+00 3.46
3.1104485714193473e+00 3.48
3.1245807693494889e+00 3.5
3.1389813600761602e+00 3.52
3.1536961949312552e+00 3.54
3.1687623742508819e+00 3.56
3.1842416485845302e+00 3.58
3.2001930730197206e+00 3.6
3.2166984783127788e+00 3.62
3.2338626887294772e+00 3.64
3.2518066419566232e+00 3.66
3.2706981366300880e+00 3.68
3.2907836455428310e+00 3.7
3.3123809727079294e+00 3.72
3.3360004648384329e+00 3.74
3.3625019166526471e+00 3.76
3.3935164071762660e+00 3.78
3.4331867655722093e+00 3.8
3.5081956239302130e+00 3.82
3.5591305252424394e+00 3.82
3.6344603697397426e+00 3.8
3.6744478188299401e+00 3.78
3.7057752389086502e+00 3.76
3.7325801029672125e+00 3.74
3.7565016213131344e+00 3.72
3.7783945548640103e+00 3.7
3.7987645642171226e+00 3.68
3.8179440926629935e+00 3.66
3.8361668801559001e+00 3.64
3.8536017870664399e+00 3.62
3.8703764930604416e+00 3.6
3.8865911973680958e+00 3.58
3.9023265755181726e+00 3.56
3.9176461538296978e+00 3.54
3.9326047059876483e+00 3.52
3.9472476718607425e+00 3.5
3.9616139240349959e+00 3.48
3.9757364014311847e+00 3.46
3.9896455947146325e+00 3.44
4.0033665068458122e+00 3.42
4.0169210433107825e+00 3.4
4.0303298273524195e+00 3.38
4.0436133687243370e+00 3.36
4.0567882491687746e+00 3.34
4.0698704887778572e+00 3.32
4.0828722985403010e+00 3.3
4.0958089625338143e+00 3.28
4.1086940905704692e+00 3.26
4.1215373904672061e+00 3.24
4.1343529314633285e+00 3.22
4.1471519247523805e+00 3.2
4.1599424556140807e+00 3.18
4.1727382068286127e+00 3.16
4.1855468705719368e+00 3.14
4.1983785150763868e+00 3.12
4.2112460547251320e+00 3.1
4.2241574726959614e+00 3.08
4.2371220708958450e+00 3.06
4.2501537436006496e+00 3.04
4.2632590142521725e+00 3.02
4.2764513837166609e+00 3
4.2764517656458025e+00 3
4.2897403080788639e+00 2.98
4.3031373871676992e+00 2.96
4.3166546162923787e+00 2.94
4.3303044088400515e+00 2.92
4.3441014083956411e+00 2.9
4.3580569001586138e+00 2.88
4.3721879277020301e+00 2.86
4.3865086470893395e+00 2.84
4.4010398456567827e+00 2.82
4.4157943210443662e+00 2.8
4.4307946877177891e+00 2.78
4.4460651912018410e+00 2.76
4.4616258709066354e+00 2.74
4.4775082160953001e+00 2.72
4.4937384390064219e+00 2.7
4.5103502394104158e+00 2.68
4.5273850763410213e+00 2.66
4.5448786472736469e+00 2.64
4.5628901561188489e+00 2.62
4.5814716867223249e+00 2.6
4.6006927542411660e+00 2.58
4.6206334164319554e+00 2.56
4.6413918736302637e+00 2.54
4.6630891608598999e+00 2.52
4.6858753557112287e+00 2.5
4.7099397197200306e+00 2.48
4.7355413294623050e+00 2.46
4.7630254299543422e+00 2.44
4.7928874672562101e+00 2.42
4.8258909062258937e+00 2.4
4.8633007740541050e+00 2.38
4.9075856154880677e+00 2.36
4.9649141634033711e+00 2.34
5.0779306866727456e+00 2.32
5.1408775774607696e+00 2.32
5.2539324091217168e+00 2.34
5.3113000544581546e+00 2.36
5.3556102384619582e+00 2.38
5.3930521798974667e+00 2.4
5.4260798091777689e+00 2.42
5.4559619813590494e+00 2.44
5.4834623605486073e+00 2.46
5.5090751664169133e+00 2.48
5.5331486749105956e+00 2.5
5.5559361851753941e+00 2.52
5.5776326961924250e+00 2.54
5.5983863616684113e+00 2.56
5.6183172908062211e+00 2.58
5.6375235568621198e+00 2.6
5.6560871594927260e+00 2.62
5.6740742280782843e+00 2.64
5.6915436658435254e+00 2.66
5.7085436966464354e+00 2.68
5.7251202102724124e+00 2.7
5.7413092759869926e+00 2.72
5.7571449226254039e+00 2.74
5.7726571251698733e+00 2.76
5.7878739642291075e+00 2.78
5.8028133878907813e+00 2.8
5.8175064207211644e+00 2.82
5.8319652058493343e+00 2.84
5.8462135459219002e+00 2.86
5.8602665527967206e+00 2.88
5.8741392285107450e+00 2.9
5.8878485706723165e+00 2.92
5.9014055813387056e+00 2.94
5.9148252872360212e+00 2.96
5.9281196747530585e+00 2.98
5.9413017190570727e+00 3
5.9413027011411756e+00 3
5.9543805074231768e+00 3.02
5.9673698962214354e+00 3.04
5.9802780130456306e+00 3.06
5.9931167927629705e+00 3.08
6.0058972239474731e+00 3.1
6.0186254207973144e+00 3.12
6.0313172127537005e+00 3.14
6.0439786848475743e+00 3.16
6.0566208682228204e+00 3.18
6.0692536709001796e+00 3.2
6.0818891800420278e+00 3.22
6.0945353394444490e+00 3.24
6.1072080502784978e+00 3.26
6.1199154422951247e+00 3.28
6.1326694369267445e+00 3.3
6.1454830652662480e+00 3.32
6.1583702844834249e+00 3.34
6.1713451122410294e+00 3.36
6.1844254407129116e+00 3.38
6.1976272875393033e+00 3.4
6.2109686837499964e+00 3.42
6.2244666469661327e+00 3.44
6.2381510132605067e+00 3.46
6.2520418785989342e+00 3.48
6.2661730765290748e+00 3.5
6.2805746672557454e+00 3.52
