0.00904809 4.28
0.0580049 4.21993
0.106962 4.15823
0.155919 4.09564
0.204875 4.03289
0.253832 3.97065
0.302789 3.90956
0.351746 3.85022
0.400703 3.79316
0.44966 3.73884
0.498616 3.68769
0.547573 3.64008
0.59653 3.5963
0.645487 3.55662
0.694444 3.52126
0.743401 3.49039
0.792357 3.46416
0.841314 3.44269
0.890271 3.42604
0.939228 3.4143
0.988185 3.40752
1.03714 3.40568
1.0861 3.40878
1.13506 3.4168
1.18401 3.42975
1.23297 3.44755
1.28193 3.4701
1.33088 3.49729
1.37984 3.52898
1.4288 3.56498
1.47775 3.60508
1.52671 3.64902
1.57567 3.6965
1.62462 3.74717
1.67358 3.80064
1.72254 3.85647
1.77149 3.91421
1.82045 3.97239
1.86941 4.03385
1.91836 4.09345
1.96732 4.15338
2.01628 4.2124
2.06524 4.26993
2.11419 4.32538
2.16315 4.37814
2.21211 4.42765
2.26106 4.47333
2.31002 4.51465
2.35898 4.55109
2.40793 4.58216
2.45689 4.60744
2.50585 4.62654
2.5548 4.63915
2.60376 4.64502
2.65272 4.644
2.70167 4.63604
2.75063 4.62114
2.79959 4.59946
2.84854 4.57124
2.8975 4.53682
2.94646 4.49665
2.99542 4.45124
3.04437 4.40122
3.09333 4.34725
3.14229 4.29004
3.19124 4.23032
3.2402 4.16884
3.28916 4.10635
3.33811 4.04358
3.38707 3.9812
3.43603 3.91988
3.48498 3.8602
3.53394 3.80271
3.5829 3.7479
3.63185 3.69618
3.68081 3.64794
3.72977 3.60349
3.77872 3.56309
3.82768 3.52698
3.87664 3.49534
3.9256 3.46831
3.97455 3.44601
4.02351 3.42854
4.07247 3.41596
4.12142 3.40833
4.17038 3.40564
4.21934 3.4079
4.26829 3.41509
4.31725 3.4272
4.36621 3.44417
4.41516 3.46592
4.46412 3.49233
4.51308 3.52326
4.56203 3.55854
4.61099 3.59796
4.65995 3.64126
4.7089 3.68816
4.75786 3.73831
4.80682 3.79133
4.85577 3.84679
4.90473 3.90423
4.95369 3.96286
5.00265 4.02357
5.0516 4.08318
5.10056 4.1432
5.14952 4.20242
5.19847 4.26025
5.24743 4.31609
5.29639 4.36935
5.34534 4.41946
5.3943 4.46583
5.44326 4.50793
5.49221 4.54523
5.54117 4.57725
5.59013 4.60355
5.63908 4.62373
5.68804 4.63747
5.737 4.6445
5.78595 4.64467
5.83491 4.63789
5.88387 4.62417
5.93283 4.60363
5.98178 4.5765
6.03074 4.54312
6.0797 4.50389
6.12865 4.45934
6.17761 4.41006
6.22657 4.35671
