0 0
0.1 0.0196888
0.2 0.0389555
0.3 0.0578024
0.4 0.076232
0.5 0.0942466
0.6 0.111849
0.7 0.129041
0.8 0.145825
0.9 0.162204
1 0.17818
1.1 0.193756
1.2 0.208933
1.3 0.223715
1.4 0.238103
1.5 0.252101
1.6 0.26571
1.7 0.278933
1.8 0.291773
1.9 0.304231
2 0.31631
2.1 0.328013
2.2 0.339342
2.3 0.350299
2.4 0.360887
2.5 0.371108
2.6 0.380965
2.7 0.39046
2.8 0.399595
2.9 0.408373
3 0.416796
3.1 0.424867
3.2 0.432588
3.3 0.439961
3.4 0.446989
3.5 0.453674
3.6 0.460019
3.7 0.466026
3.8 0.471698
3.9 0.477036
4 0.482044
4.1 0.486723
4.2 0.491077
4.3 0.495107
4.4 0.498816
4.5 0.502206
4.6 0.505279
4.7 0.508039
4.8 0.510488
4.9 0.512627
5 0.51446
5.1 0.515988
5.2 0.517215
5.3 0.518142
5.4 0.518772
5.5 0.519108
5.6 0.519151
5.7 0.518905
5.8 0.518371
5.9 0.517552
6 0.51645
6.1 0.515068
6.2 0.513409
6.3 0.511474
6.4 0.509266
6.5 0.506787
6.6 0.50404
6.7 0.501028
6.8 0.497752
6.9 0.494215
7 0.49042
