1 2.02775
1.1 2.03245
1.2 2.03712
1.3 2.04178
1.4 2.04643
1.5 2.05107
1.6 2.05572
1.7 2.06037
1.8 2.06504
1.9 2.06972
2 2.07442
2.1 2.07915
2.2 2.08391
2.3 2.0887
2.4 2.09353
2.5 2.0984
2.6 2.10331
2.7 2.10826
2.8 2.11327
2.9 2.11832
3 2.12342
3.1 2.12858
3.2 2.13379
3.3 2.13906
3.4 2.14439
3.5 2.14978
3.6 2.15523
3.7 2.16074
3.8 2.16632
3.9 2.17197
4 2.17769
4.1 2.18347
4.2 2.18933
4.3 2.19526
4.4 2.20127
4.5 2.20735
4.6 2.21352
4.7 2.21977
4.8 2.2261
4.9 2.23253
5 2.23904
5.1 2.24565
5.2 2.25236
5.3 2.25917
5.4 2.26609
5.5 2.27312
5.6 2.28027
5.7 2.28754
5.8 2.29493
5.9 2.30246
6 2.31013
6.1 2.31795
6.2 2.32592
6.3 2.33406
6.4 2.34237
6.5 2.35085
6.6 2.35953
6.7 2.36841
6.8 2.37749
6.9 2.3868
7 2.39635
