0 0
0.1 -0.00926346
0.2 -0.01863
0.3 -0.0280997
0.4 -0.0376726
0.5 -0.0473485
0.6 -0.0571276
0.7 -0.0670097
0.8 -0.076995
0.9 -0.0870835
1 -0.097275
1.1 -0.10757
1.2 -0.117967
1.3 -0.128468
1.4 -0.139072
1.5 -0.14978
1.6 -0.16059
1.7 -0.171503
1.8 -0.18252
1.9 -0.193639
2 -0.204862
2.1 -0.216188
2.2 -0.227617
2.3 -0.239149
2.4 -0.250784
2.5 -0.262523
2.6 -0.274364
2.7 -0.286309
2.8 -0.298356
2.9 -0.310507
3 -0.322761
3.1 -0.335118
3.2 -0.347578
3.3 -0.360142
3.4 -0.372808
3.5 -0.385578
3.6 -0.39845
3.7 -0.411426
3.8 -0.424505
3.9 -0.437687
4 -0.450972
4.1 -0.46436
4.2 -0.477852
4.3 -0.491446
4.4 -0.505144
4.5 -0.518945
4.6 -0.532848
4.7 -0.546855
4.8 -0.560965
4.9 -0.575179
5 -0.589495
5.1 -0.603914
5.2 -0.618437
5.3 -0.633063
5.4 -0.647792
5.5 -0.662623
5.6 -0.677559
5.7 -0.692597
5.8 -0.707738
5.9 -0.722982
6 -0.73833
6.1 -0.753781
6.2 -0.769334
6.3 -0.784991
6.4 -0.800751
6.5 -0.816614
6.6 -0.832581
6.7 -0.84865
6.8 -0.864823
6.9 -0.881098
7 -0.897477
