0.002 0.255762
0.00204 0.26087
0.00208 0.265979
0.00212 0.27109
0.00216 0.276202
0.0022 0.281316
0.00224 0.28643
0.00228 0.291546
0.00232 0.296663
0.00236 0.30178
0.0024 0.306899
0.00244 0.312018
0.00248 0.317139
0.00252 0.322259
0.00256 0.327381
0.0026 0.332503
0.00264 0.337626
0.00268 0.342749
0.00272 0.347873
0.00276 0.352997
0.0028 0.358121
0.00284 0.363246
0.00288 0.368371
0.00292 0.373496
0.00296 0.378621
0.003 0.383747
0.00304 0.388872
0.00308 0.393998
0.00312 0.399124
0.00316 0.404249
0.0032 0.409375
0.00324 0.4145
0.00328 0.419625
0.00332 0.424751
0.00336 0.429876
0.0034 0.435
0.00344 0.440125
0.00348 0.445249
0.00352 0.450374
0.00356 0.455497
0.0036 0.460621
0.00364 0.465744
0.00368 0.470867
0.00372 0.47599
0.00376 0.481112
0.0038 0.486234
0.00384 0.491355
0.00388 0.496477
0.00392 0.501597
0.00396 0.506718
0.004 0.511838
0.00404 0.516958
0.00408 0.522077
0.00412 0.527196
0.00416 0.532315
0.0042 0.537433
0.00424 0.542551
0.00428 0.547669
0.00432 0.552786
0.00436 0.557903
0.0044 0.56302
0.00444 0.568136
0.00448 0.573253
0.00452 0.578369
0.00456 0.583484
0.0046 0.5886
0.00464 0.593716
0.00468 0.598831
0.00472 0.603946
0.00476 0.609062
0.0048 0.614177
0.00484 0.619292
0.00488 0.624407
0.00492 0.629523
0.00496 0.634638
0.005 0.639754
0.00504 0.64487
0.00508 0.649986
0.00512 0.655102
0.00516 0.660219
0.0052 0.665336
0.00524 0.670453
0.00528 0.675571
0.00532 0.68069
0.00536 0.685809
0.0054 0.690929
0.00544 0.696049
0.00548 0.70117
0.00552 0.706292
0.00556 0.711415
0.0056 0.716539
0.00564 0.721664
0.00568 0.72679
0.00572 0.731917
0.00576 0.737046
0.0058 0.742176
0.00584 0.747307
0.00588 0.752439
0.00592 0.757573
0.00596 0.762709
