1 2.02826
1.1 2.02826
1.2 2.02826
1.3 2.02826
1.4 2.02826
1.5 2.02826
1.6 2.02826
1.7 2.02826
1.8 2.02826
1.9 2.02826
2 2.02826
2.1 2.02826
2.2 2.02826
2.3 2.02826
2.4 2.02826
2.5 2.02826
2.6 2.02826
2.7 2.02826
2.8 2.02826
2.9 2.02826
3 2.02826
3.1 2.02826
3.2 2.02826
3.3 2.02826
3.4 2.02826
3.5 2.02826
3.6 2.02826
3.7 2.02826
3.8 2.02826
3.9 2.02826
4 2.02826
4.1 2.02826
4.2 2.02826
4.3 2.02826
4.4 2.02826
4.5 2.02826
4.6 2.02826
4.7 2.02826
4.8 2.02826
4.9 2.02826
5 2.02826
5.1 2.02826
5.2 2.02826
5.3 2.02826
5.4 2.02826
5.5 2.02826
5.6 2.02826
5.7 2.02826
5.8 2.02826
5.9 2.02826
6 2.02826
6.1 2.02826
6.2 2.02826
6.3 2.02826
6.4 2.02826
6.5 2.02826
6.6 2.02826
6.7 2.02826
6.8 2.02826
6.9 2.02826
7 2.02826
