1 0.011726
1.1 0.0121319
1.2 0.0124866
1.3 0.0127916
1.4 0.0130486
1.5 0.0132594
1.6 0.0134261
1.7 0.0135507
1.8 0.0136356
1.9 0.0136831
2 0.013696
2.1 0.0136769
2.2 0.0136287
2.3 0.0135545
2.4 0.0134575
2.5 0.0133409
2.6 0.0132084
2.7 0.0130636
2.8 0.0129103
2.9 0.0127524
3 0.012594
3.1 0.0124394
3.2 0.012293
3.3 0.0121594
3.4 0.0120433
3.5 0.0119494
3.6 0.011883
3.7 0.011849
3.8 0.0118528
3.9 0.0119
4 0.011996
4.1 0.0121467
4.2 0.012358
4.3 0.012636
4.4 0.0129868
4.5 0.0134169
4.6 0.0139328
4.7 0.0145412
4.8 0.0152488
4.9 0.0160627
5 0.01699
5.1 0.018038
5.2 0.019214
5.3 0.0205258
5.4 0.021981
5.5 0.0235874
5.6 0.0253533
5.7 0.0272866
5.8 0.0293958
5.9 0.0316894
6 0.034176
6.1 0.0368644
6.2 0.0397635
6.3 0.0428824
6.4 0.0462304
6.5 0.0498169
6.6 0.0536515
6.7 0.0577437
6.8 0.0621035
6.9 0.0667409
7 0.071666
