1 -0.040155
1.1 -0.0423079
1.2 -0.0440442
1.3 -0.0454232
1.4 -0.0464992
1.5 -0.0473219
1.6 -0.0479365
1.7 -0.0483839
1.8 -0.048701
1.9 -0.0489207
2 -0.049072
2.1 -0.0491806
2.2 -0.0492688
2.3 -0.0493556
2.4 -0.0494571
2.5 -0.0495866
2.6 -0.0497548
2.7 -0.0499699
2.8 -0.050238
2.9 -0.050563
3 -0.050947
3.1 -0.0513905
3.2 -0.0518923
3.3 -0.0524502
3.4 -0.0530607
3.5 -0.0537194
3.6 -0.0544211
3.7 -0.0551601
3.8 -0.0559304
3.9 -0.0567258
4 -0.05754
4.1 -0.058367
4.2 -0.0592012
4.3 -0.0600375
4.4 -0.0608716
4.5 -0.0617001
4.6 -0.0625208
4.7 -0.0633328
4.8 -0.0641367
4.9 -0.0649347
5 -0.065731
5.1 -0.0665319
5.2 -0.0673459
5.3 -0.0681838
5.4 -0.0690594
5.5 -0.0699889
5.6 -0.0709917
5.7 -0.0720905
5.8 -0.0733111
5.9 -0.0746832
6 -0.07624
6.1 -0.0780187
6.2 -0.0800607
6.3 -0.0824116
6.4 -0.0851216
6.5 -0.0882456
6.6 -0.0918433
6.7 -0.0959795
6.8 -0.100724
6.9 -0.106153
7 -0.112347
