1 0.047147
1.1 0.0468641
1.2 0.0466559
1.3 0.0465178
1.4 0.0464451
1.5 0.0464338
1.6 0.0464796
1.7 0.0465787
1.8 0.0467275
1.9 0.0469223
2 0.04716
2.1 0.0474373
2.2 0.0477514
2.3 0.0480995
2.4 0.0484791
2.5 0.0488878
2.6 0.0493234
2.7 0.049784
2.8 0.0502678
2.9 0.0507733
3 0.051299
3.1 0.0518437
3.2 0.0524065
3.3 0.0529865
3.4 0.053583
3.5 0.0541958
3.6 0.0548244
3.7 0.0554689
3.8 0.0561294
3.9 0.0568063
4 0.0575
4.1 0.0582113
4.2 0.0589412
4.3 0.0596906
4.4 0.060461
4.5 0.0612538
4.6 0.0620706
4.7 0.0629134
4.8 0.0637842
4.9 0.0646852
5 0.065619
5.1 0.0665881
5.2 0.0675955
5.3 0.068644
5.4 0.069737
5.5 0.0708777
5.6 0.07207
5.7 0.0733174
5.8 0.0746241
5.9 0.0759942
6 0.077432
6.1 0.0789421
6.2 0.0805293
6.3 0.0821985
6.4 0.0839549
6.5 0.0858037
6.6 0.0877506
6.7 0.0898011
6.8 0.0919613
6.9 0.0942371
7 0.096635
