1 0.17818
1.1 0.193687
1.2 0.208818
1.3 0.223572
1.4 0.237949
1.5 0.251951
1.6 0.265576
1.7 0.278824
1.8 0.291696
1.9 0.304192
2 0.316311
2.1 0.328054
2.2 0.33942
2.3 0.35041
2.4 0.361024
2.5 0.371261
2.6 0.381121
2.7 0.390606
2.8 0.399714
2.9 0.408445
3 0.4168
3.1 0.424779
3.2 0.432381
3.3 0.439607
3.4 0.446456
3.5 0.452929
3.6 0.459025
3.7 0.464745
3.8 0.470089
3.9 0.475056
4 0.479647
4.1 0.483861
4.2 0.487699
4.3 0.491161
4.4 0.494246
4.5 0.496955
4.6 0.499287
4.7 0.501243
4.8 0.502822
4.9 0.504025
5 0.504852
5.1 0.505302
5.2 0.505376
5.3 0.505073
5.4 0.504394
5.5 0.503339
5.6 0.501907
5.7 0.500099
5.8 0.497914
5.9 0.495353
6 0.492415
6.1 0.489101
6.2 0.485411
6.3 0.481344
6.4 0.4769
6.5 0.472081
6.6 0.466885
6.7 0.461312
6.8 0.455363
6.9 0.449038
7 0.442336
