1 3.55599
1.1 3.55187
1.2 3.54755
1.3 3.54307
1.4 3.53847
1.5 3.53378
1.6 3.52901
1.7 3.5242
1.8 3.51934
1.9 3.51446
2 3.50956
2.1 3.50465
2.2 3.49972
2.3 3.49479
2.4 3.48985
2.5 3.4849
2.6 3.47993
2.7 3.47495
2.8 3.46994
2.9 3.4649
3 3.45982
3.1 3.45471
3.2 3.44954
3.3 3.44433
3.4 3.43905
3.5 3.43371
3.6 3.42831
3.7 3.42283
3.8 3.41727
3.9 3.41164
4 3.40593
4.1 3.40013
4.2 3.39425
4.3 3.38829
4.4 3.38225
4.5 3.37612
4.6 3.36991
4.7 3.36361
4.8 3.35724
4.9 3.35079
5 3.34425
5.1 3.33764
5.2 3.33095
5.3 3.32417
5.4 3.31731
5.5 3.31036
5.6 3.30331
5.7 3.29616
5.8 3.28889
5.9 3.28149
6 3.27394
6.1 3.26623
6.2 3.25833
6.3 3.25021
6.4 3.24184
6.5 3.23317
6.6 3.22417
6.7 3.21479
6.8 3.20496
6.9 3.19462
7 3.1837
