1 2.02826
1.1 2.03259
1.2 2.03694
1.3 2.04133
1.4 2.04575
1.5 2.05021
1.6 2.0547
1.7 2.05923
1.8 2.06379
1.9 2.06839
2 2.07303
2.1 2.07772
2.2 2.08244
2.3 2.08721
2.4 2.09203
2.5 2.09689
2.6 2.10179
2.7 2.10675
2.8 2.11175
2.9 2.11681
3 2.12191
3.1 2.12707
3.2 2.13229
3.3 2.13756
3.4 2.14288
3.5 2.14826
3.6 2.1537
3.7 2.15921
3.8 2.16477
3.9 2.17039
4 2.17608
4.1 2.18183
4.2 2.18765
4.3 2.19354
4.4 2.19949
4.5 2.20552
4.6 2.21161
4.7 2.21778
4.8 2.22402
4.9 2.23033
5 2.23672
5.1 2.24318
5.2 2.24973
5.3 2.25635
5.4 2.26305
5.5 2.26983
5.6 2.2767
5.7 2.28365
5.8 2.29068
5.9 2.2978
6 2.30501
6.1 2.3123
6.2 2.31969
6.3 2.32716
6.4 2.33473
6.5 2.34239
6.6 2.35015
6.7 2.358
6.8 2.36594
6.9 2.37399
7 2.38213
