1 0.011726
1.1 0.0121632
1.2 0.0125374
1.3 0.0128523
1.4 0.0131115
1.5 0.0133185
1.6 0.0134769
1.7 0.0135903
1.8 0.0136622
1.9 0.0136962
2 0.013696
2.1 0.013665
2.2 0.0136069
2.3 0.0135253
2.4 0.0134236
2.5 0.0133055
2.6 0.0131746
2.7 0.0130344
2.8 0.0128885
2.9 0.0127405
3 0.012594
3.1 0.0124525
3.2 0.0123196
3.3 0.012199
3.4 0.0120941
3.5 0.0120085
3.6 0.0119459
3.7 0.0119097
3.8 0.0119036
3.9 0.0119312
4 0.011996
4.1 0.0121016
4.2 0.0122516
4.3 0.0124495
4.4 0.0126989
4.5 0.0130035
4.6 0.0133667
4.7 0.0137922
4.8 0.0142836
4.9 0.0148443
5 0.015478
5.1 0.0161883
5.2 0.0169787
5.3 0.0178528
5.4 0.0188142
5.5 0.0198665
5.6 0.0210132
5.7 0.0222579
5.8 0.0236043
5.9 0.0250558
6 0.026616
6.1 0.0282886
6.2 0.030077
6.3 0.0319849
6.4 0.0340159
6.5 0.0361735
6.6 0.0384613
6.7 0.0408829
6.8 0.0434418
6.9 0.0461416
7 0.048986
