1 0.011726
1.1 0.0120612
1.2 0.0123658
1.3 0.0126396
1.4 0.0128826
1.5 0.013095
1.6 0.0132766
1.7 0.0134276
1.8 0.0135478
1.9 0.0136372
2 0.013696
2.1 0.013724
2.2 0.0137214
2.3 0.013688
2.4 0.0136238
2.5 0.013529
2.6 0.0134034
2.7 0.0132472
2.8 0.0130602
2.9 0.0128424
3 0.012594
3.1 0.0123148
3.2 0.012005
3.3 0.0116644
3.4 0.011293
3.5 0.010891
3.6 0.0104582
3.7 0.00999476
3.8 0.00950056
3.9 0.00897564
4 0.00842
4.1 0.00783364
4.2 0.00721656
4.3 0.00656876
4.4 0.00589024
4.5 0.005181
4.6 0.00444104
4.7 0.00367036
4.8 0.00286896
4.9 0.00203684
5 0.001174
5.1 0.00028044
5.2 -0.00064384
5.3 -0.00159884
5.4 -0.00258456
5.5 -0.003601
5.6 -0.00464816
5.7 -0.00572604
5.8 -0.00683464
5.9 -0.00797396
6 -0.009144
6.1 -0.0103448
6.2 -0.0115762
6.3 -0.0128384
6.4 -0.0141314
6.5 -0.015455
6.6 -0.0168094
6.7 -0.0181944
6.8 -0.0196102
6.9 -0.0210568
7 -0.022534
