1 2.02826
1.1 2.03255
1.2 2.03689
1.3 2.04126
1.4 2.04568
1.5 2.05014
1.6 2.05463
1.7 2.05917
1.8 2.06375
1.9 2.06837
2 2.07303
2.1 2.07774
2.2 2.08248
2.3 2.08727
2.4 2.09209
2.5 2.09696
2.6 2.10187
2.7 2.10682
2.8 2.11181
2.9 2.11684
3 2.12191
3.1 2.12703
3.2 2.13218
3.3 2.13738
3.4 2.14262
3.5 2.14789
3.6 2.15321
3.7 2.15857
3.8 2.16397
3.9 2.16942
4 2.1749
4.1 2.18042
4.2 2.18599
4.3 2.1916
4.4 2.19724
4.5 2.20293
4.6 2.20866
4.7 2.21443
4.8 2.22024
4.9 2.2261
5 2.23199
5.1 2.23792
5.2 2.2439
5.3 2.24992
5.4 2.25598
5.5 2.26208
5.6 2.26822
5.7 2.2744
5.8 2.28062
5.9 2.28688
6 2.29319
6.1 2.29953
6.2 2.30592
6.3 2.31235
6.4 2.31882
6.5 2.32533
6.6 2.33188
6.7 2.33847
6.8 2.3451
6.9 2.35177
7 2.35849
