0 0
0.1 0.0196203
0.2 0.03884
0.3 0.0576593
0.4 0.076078
0.5 0.0940963
0.6 0.111714
0.7 0.128931
0.8 0.145748
0.9 0.162164
1 0.17818
1.1 0.193795
1.2 0.20901
1.3 0.223824
1.4 0.238238
1.5 0.252251
1.6 0.265864
1.7 0.279076
1.8 0.291888
1.9 0.304299
2 0.31631
2.1 0.32792
2.2 0.33913
2.3 0.349939
2.4 0.360348
2.5 0.370356
2.6 0.379964
2.7 0.389171
2.8 0.397978
2.9 0.406384
3 0.41439
3.1 0.421995
3.2 0.4292
3.3 0.436004
3.4 0.442408
3.5 0.448411
3.6 0.454014
3.7 0.459216
3.8 0.464018
3.9 0.468419
4 0.47242
4.1 0.47602
4.2 0.47922
4.3 0.482019
4.4 0.484418
4.5 0.486416
4.6 0.488014
4.7 0.489211
4.8 0.490008
4.9 0.490404
5 0.4904
5.1 0.489995
5.2 0.48919
5.3 0.487984
5.4 0.486378
5.5 0.484371
5.6 0.481964
5.7 0.479156
5.8 0.475948
5.9 0.472339
6 0.46833
6.1 0.46392
6.2 0.45911
6.3 0.453899
6.4 0.448288
6.5 0.442276
6.6 0.435864
6.7 0.429051
6.8 0.421838
6.9 0.414224
7 0.40621
