1 0.00184564
1.04 0.00185077
1.08 0.00185644
1.12 0.00186259
1.16 0.00186912
1.2 0.00187599
1.24 0.0018831
1.28 0.00189041
1.32 0.00189785
1.36 0.00190534
1.4 0.00191283
1.44 0.00192026
1.48 0.00192757
1.52 0.0019347
1.56 0.0019416
1.6 0.00194822
1.64 0.0019545
1.68 0.00196039
1.72 0.00196585
1.76 0.00197082
1.8 0.00197527
1.84 0.00197915
1.88 0.00198242
1.92 0.00198504
1.96 0.00198698
2 0.00198818
2.04 0.00198863
2.08 0.00198829
2.12 0.00198713
2.16 0.00198511
2.2 0.00198222
2.24 0.00197842
2.28 0.00197369
2.32 0.00196801
2.36 0.00196136
2.4 0.00195372
2.44 0.00194506
2.48 0.00193539
2.52 0.00192467
2.56 0.00191291
2.6 0.00190008
2.64 0.00188619
2.68 0.00187122
2.72 0.00185516
2.76 0.00183803
2.8 0.0018198
2.84 0.00180049
2.88 0.00178009
2.92 0.00175861
2.96 0.00173606
3 0.00171243
3.04 0.00168774
3.08 0.001662
3.12 0.00163522
3.16 0.00160741
3.2 0.0015786
3.24 0.00154879
3.28 0.001518
3.32 0.00148626
3.36 0.00145358
3.4 0.00142
3.44 0.00138553
3.48 0.00135021
3.52 0.00131406
3.56 0.00127712
3.6 0.00123941
3.64 0.00120098
3.68 0.00116185
3.72 0.00112206
3.76 0.00108166
3.8 0.00104068
3.84 0.000999171
3.88 0.000957173
3.92 0.000914734
3.96 0.000871901
4 0.000828723
4.04 0.000785252
4.08 0.000741542
4.12 0.000697647
4.16 0.000653623
4.2 0.000609529
4.24 0.000565424
4.28 0.000521371
4.32 0.000477433
4.36 0.000433674
4.4 0.000390162
4.44 0.000346965
4.48 0.000304153
4.52 0.000261798
4.56 0.000219975
4.6 0.000178758
4.64 0.000138224
4.68 9.8452e-05
4.72 5.95231e-05
4.76 2.15191e-05
4.8 -1.54759e-05
4.84 -5.13763e-05
4.88 -8.60946e-05
4.92 -0.000119542
4.96 -0.000151627
