1 -0.017677
1.1 -0.0191403
1.2 -0.0205197
1.3 -0.0218151
1.4 -0.0230269
1.5 -0.0241551
1.6 -0.0252
1.7 -0.0261617
1.8 -0.0270403
1.9 -0.027836
2 -0.028549
2.1 -0.0291794
2.2 -0.0297275
2.3 -0.0301933
2.4 -0.030577
2.5 -0.0308789
2.6 -0.031099
2.7 -0.0312374
2.8 -0.0312945
2.9 -0.0312703
3 -0.031165
3.1 -0.0309788
3.2 -0.0307117
3.3 -0.0303641
3.4 -0.029936
3.5 -0.0294276
3.6 -0.0288391
3.7 -0.0281706
3.8 -0.0274223
3.9 -0.0265944
4 -0.025687
4.1 -0.0247003
4.2 -0.0236344
4.3 -0.0224895
4.4 -0.0212658
4.5 -0.0199634
4.6 -0.0185825
4.7 -0.0171232
4.8 -0.0155858
4.9 -0.0139703
5 -0.012277
5.1 -0.010506
5.2 -0.00865742
5.3 -0.00673148
5.4 -0.00472833
5.5 -0.00264813
5.6 -0.000491032
5.7 0.00174279
5.8 0.00405318
5.9 0.00643997
6 0.008903
6.1 0.0114421
6.2 0.0140571
6.3 0.0167479
6.4 0.0195143
6.5 0.0223561
6.6 0.0252732
6.7 0.0282654
6.8 0.0313325
6.9 0.0344745
7 0.037691
