1 0.000882454
1.04 0.000879363
1.08 0.00087626
1.12 0.000873142
1.16 0.000870005
1.2 0.000866848
1.24 0.000863668
1.28 0.000860464
1.32 0.000857236
1.36 0.000853983
1.4 0.000850706
1.44 0.000847407
1.48 0.000844086
1.52 0.000840746
1.56 0.00083739
1.6 0.000834021
1.64 0.000830643
1.68 0.000827261
1.72 0.000823879
1.76 0.000820503
1.8 0.00081714
1.84 0.000813796
1.88 0.000810479
1.92 0.000807197
1.96 0.000803957
2 0.00080077
2.04 0.000797645
2.08 0.000794592
2.12 0.000791622
2.16 0.000788746
2.2 0.000785977
2.24 0.000783326
2.28 0.000780808
2.32 0.000778434
2.36 0.000776221
2.4 0.000774183
2.44 0.000772334
2.48 0.000770692
2.52 0.000769272
2.56 0.000768092
2.6 0.00076717
2.64 0.000766523
2.68 0.000766171
2.72 0.000766132
2.76 0.000766428
2.8 0.000767078
2.84 0.000768103
2.88 0.000769526
2.92 0.000771369
2.96 0.000773653
3 0.000776404
3.04 0.000779645
3.08 0.0007834
3.12 0.000787694
3.16 0.000792554
3.2 0.000798006
3.24 0.000804076
3.28 0.000810791
3.32 0.000818181
3.36 0.000826273
3.4 0.000835097
3.44 0.000844682
3.48 0.000855058
3.52 0.000866258
3.56 0.000878311
3.6 0.00089125
3.64 0.000905108
3.68 0.000919917
3.72 0.000935712
3.76 0.000952527
3.8 0.000970396
3.84 0.000989356
3.88 0.00100944
3.92 0.00103069
3.96 0.00105314
4 0.00107683
4.04 0.00110179
4.08 0.00112806
4.12 0.0011557
4.16 0.00118472
4.2 0.00121518
4.24 0.00124712
4.28 0.00128058
4.32 0.00131559
4.36 0.00135221
4.4 0.00139048
4.44 0.00143043
4.48 0.00147213
4.52 0.0015156
4.56 0.0015609
4.6 0.00160807
4.64 0.00165716
4.68 0.00170822
4.72 0.0017613
4.76 0.00181643
4.8 0.00187369
4.84 0.0019331
4.88 0.00199473
4.92 0.00205862
4.96 0.00212483
