0 0
0.1 -0.00821387
0.2 -0.0169064
0.3 -0.0260169
0.4 -0.0354888
0.5 -0.0452702
0.6 -0.055313
0.7 -0.0655733
0.8 -0.0760109
0.9 -0.0865892
1 -0.097275
1.1 -0.108038
1.2 -0.118853
1.3 -0.129694
1.4 -0.14054
1.5 -0.151374
1.6 -0.16218
1.7 -0.172942
1.8 -0.183649
1.9 -0.194292
2 -0.204862
2.1 -0.215352
2.2 -0.225758
2.3 -0.236074
2.4 -0.246298
2.5 -0.256428
2.6 -0.266462
2.7 -0.2764
2.8 -0.28624
2.9 -0.295982
3 -0.305625
3.1 -0.315169
3.2 -0.324614
3.3 -0.333957
3.4 -0.343196
3.5 -0.352329
3.6 -0.36135
3.7 -0.370256
3.8 -0.37904
3.9 -0.387692
4 -0.396204
4.1 -0.404564
4.2 -0.412757
4.3 -0.420768
4.4 -0.428579
4.5 -0.436168
4.6 -0.443512
4.7 -0.450584
4.8 -0.457355
4.9 -0.46379
5 -0.469855
5.1 -0.475509
5.2 -0.480707
5.3 -0.485404
5.4 -0.489545
5.5 -0.493077
5.6 -0.495937
5.7 -0.498061
5.8 -0.499379
5.9 -0.499815
6 -0.49929
6.1 -0.497718
6.2 -0.495009
6.3 -0.491065
6.4 -0.485784
6.5 -0.479059
6.6 -0.470773
6.7 -0.460807
6.8 -0.449033
6.9 -0.435317
7 -0.419517
