1 -0.097275
1.1 -0.108341
1.2 -0.119338
1.3 -0.130267
1.4 -0.141128
1.5 -0.151921
1.6 -0.162645
1.7 -0.173302
1.8 -0.18389
1.9 -0.194409
2 -0.204861
2.1 -0.215244
2.2 -0.22556
2.3 -0.235807
2.4 -0.245985
2.5 -0.256096
2.6 -0.266138
2.7 -0.276112
2.8 -0.286018
2.9 -0.295856
3 -0.305625
3.1 -0.315326
3.2 -0.324959
3.3 -0.334524
3.4 -0.34402
3.5 -0.353449
3.6 -0.362809
3.7 -0.372101
3.8 -0.381324
3.9 -0.39048
4 -0.399567
4.1 -0.408586
4.2 -0.417537
4.3 -0.426419
4.4 -0.435234
4.5 -0.44398
4.6 -0.452658
4.7 -0.461267
4.8 -0.469809
4.9 -0.478282
5 -0.486687
5.1 -0.495024
5.2 -0.503292
5.3 -0.511493
5.4 -0.519625
5.5 -0.527689
5.6 -0.535684
5.7 -0.543612
5.8 -0.551471
5.9 -0.559262
6 -0.566985
6.1 -0.57464
6.2 -0.582226
6.3 -0.589744
6.4 -0.597194
6.5 -0.604576
6.6 -0.611889
6.7 -0.619135
6.8 -0.626312
6.9 -0.63342
7 -0.640461
