0 0
0.1 -0.00849044
0.2 -0.0173446
0.3 -0.0265269
0.4 -0.0360028
0.5 -0.0457394
0.6 -0.0557051
0.7 -0.0658696
0.8 -0.0762042
0.9 -0.0866814
1 -0.097275
1.1 -0.10796
1.2 -0.118714
1.3 -0.129514
1.4 -0.140341
1.5 -0.151173
1.6 -0.161995
1.7 -0.172789
1.8 -0.183541
1.9 -0.194236
2 -0.204862
2.1 -0.215409
2.2 -0.225866
2.3 -0.236227
2.4 -0.246483
2.5 -0.256629
2.6 -0.266662
2.7 -0.276579
2.8 -0.286378
2.9 -0.29606
3 -0.305625
3.1 -0.315077
3.2 -0.324421
3.3 -0.33366
3.4 -0.342804
3.5 -0.351859
3.6 -0.360836
3.7 -0.369746
3.8 -0.378601
3.9 -0.387415
4 -0.396204
4.1 -0.404983
4.2 -0.413772
4.3 -0.422589
4.4 -0.431454
4.5 -0.440391
4.6 -0.449423
4.7 -0.458574
4.8 -0.467871
4.9 -0.477342
5 -0.487015
5.1 -0.496921
5.2 -0.507091
5.3 -0.51756
5.4 -0.52836
5.5 -0.539529
5.6 -0.551104
5.7 -0.563122
5.8 -0.575625
5.9 -0.588653
6 -0.60225
6.1 -0.616459
6.2 -0.631327
6.3 -0.646899
6.4 -0.663225
6.5 -0.680353
6.6 -0.698336
6.7 -0.717225
6.8 -0.737075
6.9 -0.75794
7 -0.779877
