0 0
0.1 -0.00877508
0.2 -0.0178075
0.3 -0.0270801
0.4 -0.0365759
0.5 -0.0462775
0.6 -0.0561679
0.7 -0.0662301
0.8 -0.0764467
0.9 -0.0868007
1 -0.097275
1.1 -0.107852
1.2 -0.118516
1.3 -0.129248
1.4 -0.140032
1.5 -0.150851
1.6 -0.161686
1.7 -0.172523
1.8 -0.183342
1.9 -0.194128
2 -0.204862
2.1 -0.215528
2.2 -0.226109
2.3 -0.236587
2.4 -0.246946
2.5 -0.257168
2.6 -0.267235
2.7 -0.277132
2.8 -0.286841
2.9 -0.296344
3 -0.305625
3.1 -0.314666
3.2 -0.323451
3.3 -0.331961
3.4 -0.340181
3.5 -0.348093
3.6 -0.355679
3.7 -0.362922
3.8 -0.369807
3.9 -0.376314
4 -0.382428
4.1 -0.388131
4.2 -0.393405
4.3 -0.398235
4.4 -0.402602
4.5 -0.40649
4.6 -0.40988
4.7 -0.412758
4.8 -0.415104
4.9 -0.416902
5 -0.418135
5.1 -0.418786
5.2 -0.418837
5.3 -0.418272
5.4 -0.417072
5.5 -0.415223
5.6 -0.412705
5.7 -0.409501
5.8 -0.405596
5.9 -0.400971
6 -0.39561
6.1 -0.389495
6.2 -0.382609
6.3 -0.374935
6.4 -0.366457
6.5 -0.357156
6.6 -0.347015
6.7 -0.336018
6.8 -0.324148
6.9 -0.311386
7 -0.297717
