1 -0.017677
1.1 -0.0191357
1.2 -0.0205119
1.3 -0.0218055
1.4 -0.0230165
1.5 -0.024145
1.6 -0.0251909
1.7 -0.0261543
1.8 -0.0270351
1.9 -0.0278333
2 -0.028549
2.1 -0.0291821
2.2 -0.0297327
2.3 -0.0302007
2.4 -0.0305861
2.5 -0.030889
2.6 -0.0311093
2.7 -0.0312471
2.8 -0.0313023
2.9 -0.0312749
3 -0.031165
3.1 -0.0309725
3.2 -0.0306975
3.3 -0.0303399
3.4 -0.0298997
3.5 -0.029377
3.6 -0.0287717
3.7 -0.0280839
3.8 -0.0273135
3.9 -0.0264605
4 -0.025525
4.1 -0.0245069
4.2 -0.0234063
4.3 -0.0222231
4.4 -0.0209573
4.5 -0.019609
4.6 -0.0181781
4.7 -0.0166647
4.8 -0.0150687
4.9 -0.0133901
5 -0.011629
5.1 -0.00978532
5.2 -0.00785908
5.3 -0.00585028
5.4 -0.00375892
5.5 -0.001585
5.6 0.00067148
5.7 0.00301052
5.8 0.00543212
5.9 0.00793628
6 0.010523
6.1 0.0131923
6.2 0.0159441
6.3 0.0187785
6.4 0.0216955
6.5 0.024695
6.6 0.0277771
6.7 0.0309417
6.8 0.0341889
6.9 0.0375187
7 0.040931
