0 0
0.1 0.0198133
0.2 0.0391579
0.3 0.0580443
0.4 0.0764826
0.5 0.0944819
0.6 0.112051
0.7 0.129198
0.8 0.145931
0.9 0.162256
1 0.17818
1.1 0.193708
1.2 0.208846
1.3 0.223598
1.4 0.237968
1.5 0.25196
1.6 0.265575
1.7 0.278817
1.8 0.291686
1.9 0.304183
2 0.31631
2.1 0.328065
2.2 0.339448
2.3 0.350457
2.4 0.361089
2.5 0.371343
2.6 0.381215
2.7 0.390702
2.8 0.399797
2.9 0.408497
3 0.416796
3.1 0.424687
3.2 0.432164
3.3 0.439218
3.4 0.445842
3.5 0.452027
3.6 0.457764
3.7 0.463043
3.8 0.467852
3.9 0.472182
4 0.47602
4.1 0.479354
4.2 0.482171
4.3 0.484457
4.4 0.486199
4.5 0.487381
4.6 0.487988
4.7 0.488005
4.8 0.487414
4.9 0.486198
5 0.48434
5.1 0.481821
5.2 0.478623
5.3 0.474725
5.4 0.470108
5.5 0.464751
5.6 0.458632
5.7 0.451729
5.8 0.44402
5.9 0.435482
6 0.42609
6.1 0.415821
6.2 0.404649
6.3 0.392549
6.4 0.379494
6.5 0.365458
6.6 0.350414
6.7 0.334333
6.8 0.317186
6.9 0.298945
7 0.27958
