0 0
0.1 0.0199023
0.2 0.0392989
0.3 0.0582084
0.4 0.0766479
0.5 0.0946329
0.6 0.112177
0.7 0.129294
0.8 0.145993
0.9 0.162286
1 0.17818
1.1 0.193683
1.2 0.208802
1.3 0.223541
1.4 0.237904
1.5 0.251895
1.6 0.265516
1.7 0.278768
1.8 0.291651
1.9 0.304165
2 0.31631
2.1 0.328083
2.2 0.339483
2.3 0.350506
2.4 0.361149
2.5 0.371408
2.6 0.38128
2.7 0.390759
2.8 0.399842
2.9 0.408522
3 0.416796
3.1 0.424657
3.2 0.432101
3.3 0.439123
3.4 0.445716
3.5 0.451876
3.6 0.457599
3.7 0.462878
3.8 0.467711
3.9 0.472093
4 0.47602
4.1 0.479489
4.2 0.482497
4.3 0.485043
4.4 0.487124
4.5 0.488739
4.6 0.48989
4.7 0.490575
4.8 0.490797
4.9 0.490557
5 0.48986
5.1 0.488709
5.2 0.48711
5.3 0.485069
5.4 0.482594
5.5 0.479694
5.6 0.476378
5.7 0.472658
5.8 0.468547
5.9 0.464059
6 0.45921
6.1 0.454017
6.2 0.448499
6.3 0.442677
6.4 0.436573
6.5 0.430211
6.6 0.423616
6.7 0.416817
6.8 0.409843
6.9 0.402726
7 0.3955
