1.6600000000000000e-03
1.6600000000000000e-03
1.6800000000000001e-03
1.6999999999999999e-03
1.7200000000000000e-03
1.7400000000000000e-03
1.7600000000000001e-03
1.7799999999999999e-03
1.8000000000000000e-03
1.8200000000000000e-03
1.8400000000000001e-03
1.8600000000000001e-03
1.8799999999999999e-03
1.9000000000000000e-03
1.9200000000000000e-03
1.9400000000000001e-03
1.9599999999999999e-03
1.9800000000000000e-03
2.0000000000000000e-03
2.0200000000000001e-03
2.0400000000000001e-03
2.0600000000000002e-03
2.0799999999999998e-03
2.0999999999999999e-03
2.1199999999999999e-03
2.1400000000000000e-03
2.1600000000000000e-03
2.1800000000000001e-03
2.2000000000000001e-03
2.2200000000000002e-03
2.2399999999999998e-03
2.2599999999999999e-03
2.2799999999999999e-03
2.3000000000000000e-03
2.3200000000000000e-03
2.3400000000000001e-03
2.3600000000000001e-03
2.3800000000000002e-03
2.3999999999999998e-03
2.3999999999999998e-03
2.3800000000000002e-03
2.3600000000000001e-03
2.3400000000000001e-03
2.3200000000000000e-03
2.3000000000000000e-03
2.2799999999999999e-03
2.2599999999999999e-03
2.2399999999999998e-03
2.2200000000000002e-03
2.2000000000000001e-03
2.1800000000000001e-03
2.1600000000000000e-03
2.1400000000000000e-03
2.1199999999999999e-03
2.0999999999999999e-03
2.0799999999999998e-03
2.0600000000000002e-03
2.0400000000000001e-03
2.0200000000000001e-03
2.0000000000000000e-03
2.0000000000000000e-03
1.9800000000000000e-03
1.9599999999999999e-03
1.9400000000000001e-03
1.9200000000000000e-03
1.9000000000000000e-03
1.8799999999999999e-03
1.8600000000000001e-03
1.8400000000000001e-03
1.8200000000000000e-03
1.8000000000000000e-03
1.7799999999999999e-03
1.7600000000000001e-03
1.7400000000000000e-03
1.7200000000000000e-03
1.6999999999999999e-03
1.6800000000000001e-03
1.6600000000000000e-03
1.6600000000000000e-03
1.6800000000000001e-03
1.6999999999999999e-03
1.7200000000000000e-03
1.7400000000000000e-03
1.7600000000000001e-03
1.7799999999999999e-03
1.8000000000000000e-03
1.8200000000000000e-03
1.8400000000000001e-03
1.8600000000000001e-03
1.8799999999999999e-03
1.9000000000000000e-03
1.9200000000000000e-03
1.9400000000000001e-03
1.9599999999999999e-03
1.9800000000000000e-03
2.0000000000000000e-03
2.0200000000000001e-03
2.0400000000000001e-03
2.0600000000000002e-03
2.0799999999999998e-03
2.0999999999999999e-03
2.1199999999999999e-03
2.1400000000000000e-03
2.1600000000000000e-03
2.1800000000000001e-03
2.2000000000000001e-03
2.2200000000000002e-03
2.2399999999999998e-03
2.2599999999999999e-03
2.2799999999999999e-03
2.3000000000000000e-03
2.3200000000000000e-03
2.3400000000000001e-03
2.3600000000000001e-03
2.3800000000000002e-03
2.3999999999999998e-03
2.3999999999999998e-03
2.3800000000000002e-03
2.3600000000000001e-03
2.3400000000000001e-03
2.3200000000000000e-03
2.3000000000000000e-03
2.2799999999999999e-03
2.2599999999999999e-03
2.2399999999999998e-03
2.2200000000000002e-03
2.2000000000000001e-03
2.1800000000000001e-03
2.1600000000000000e-03
2.1400000000000000e-03
2.1199999999999999e-03
2.0999999999999999e-03
2.0799999999999998e-03
2.0600000000000002e-03
2.0400000000000001e-03
2.0200000000000001e-03
2.0000000000000000e-03
1.9800000000000000e-03
1.9599999999999999e-03
1.9400000000000001e-03
1.9200000000000000e-03
1.9000000000000000e-03
1.8799999999999999e-03
1.8600000000000001e-03
1.8400000000000001e-03
1.8200000000000000e-03
1.8000000000000000e-03
1.7799999999999999e-03
1.7600000000000001e-03
1.7400000000000000e-03
1.7200000000000000e-03
1.6999999999999999e-03
1.6800000000000001e-03
