0.00204031 3.96
0.0509343 3.91695
0.0998284 3.86974
0.148722 3.819
0.197616 3.76543
0.24651 3.70973
0.295404 3.65261
0.344298 3.59477
0.393192 3.53685
0.442087 3.47949
0.490981 3.42327
0.539875 3.36871
0.588769 3.31629
0.637663 3.26643
0.686557 3.21947
0.735451 3.17574
0.784345 3.1355
0.833239 3.09896
0.882133 3.0663
0.931027 3.03767
0.979921 3.01319
1.02881 2.99293
1.07771 2.97697
1.1266 2.96536
1.1755 2.95813
1.22439 2.9553
1.27328 2.95687
1.32218 2.96282
1.37107 2.97315
1.41997 2.98781
1.46886 3.00674
1.51776 3.02987
1.56665 3.0571
1.61554 3.08831
1.66444 3.12334
1.71333 3.16202
1.76223 3.20409
1.81112 3.24932
1.86001 3.29738
1.90891 3.34793
1.9578 3.40057
2.0067 3.45509
2.05559 3.50724
2.10448 3.56654
2.15338 3.62272
2.20227 3.67851
2.25117 3.73326
2.30006 3.78636
2.34895 3.8372
2.39785 3.8852
2.44674 3.92975
2.49564 3.97029
2.54453 4.00629
2.59342 4.03725
2.64232 4.06272
2.69121 4.0823
2.74011 4.09568
2.789 4.10261
2.83789 4.10295
2.88679 4.09663
2.93568 4.08369
2.98458 4.06428
3.03347 4.03864
3.08236 4.00712
3.13126 3.97016
3.18015 3.92827
3.22905 3.88205
3.27794 3.83214
3.32683 3.77922
3.37573 3.72399
3.42462 3.66717
3.47352 3.60944
3.52241 3.55148
3.5713 3.49392
3.6202 3.43736
3.66909 3.38234
3.71799 3.32934
3.76688 3.27879
3.81577 3.23106
3.86467 3.18649
3.91356 3.14535
3.96246 3.10785
4.01135 3.07419
4.06024 3.04453
4.10914 3.01899
4.15803 2.99765
4.20693 2.9806
4.25582 2.96789
4.30471 2.95955
4.35361 2.9556
4.4025 2.95606
4.4514 2.9609
4.50029 2.97013
4.54918 2.98369
4.59808 3.00155
4.64697 3.02363
4.69587 3.04983
4.74476 3.08005
4.79365 3.11413
4.84255 3.1519
4.89144 3.19313
4.94034 3.23759
4.98923 3.28496
5.03812 3.33492
5.08702 3.38707
5.13591 3.44099
5.18481 3.49622
5.2337 3.55223
5.28259 3.6085
5.33149 3.66447
5.38038 3.71953
5.42928 3.77311
5.47817 3.82458
5.52706 3.87335
5.57596 3.91883
5.62485 3.96044
5.67375 3.99764
5.72264 4.02992
5.77154 4.05681
5.82043 4.07792
5.86932 4.09289
5.91822 4.10148
5.96711 4.10349
6.01601 4.09886
6.0649 4.08759
6.11379 4.06979
6.16269 4.04571
6.21158 4.01564
