0.00215377 4.78
0.0511645 4.87891
0.100175 4.97518
0.149186 5.06748
0.198197 5.15447
0.247207 5.23488
0.296218 5.30752
0.345229 5.37132
0.39424 5.42535
0.44325 5.46887
0.492261 5.50134
0.541272 5.52237
0.590283 5.5318
0.639293 5.52973
0.688304 5.51633
0.737315 5.49191
0.786326 5.45701
0.835336 5.41222
0.884347 5.35825
0.933358 5.29588
0.982369 5.22596
1.03138 5.14936
1.08039 5.067
1.1294 4.97986
1.17841 4.88892
1.22742 4.79517
1.27643 4.69965
1.32544 4.60337
1.37445 4.50733
1.42347 4.41253
1.47248 4.3199
1.52149 4.23031
1.5705 4.14456
1.61951 4.06334
1.66852 3.98727
1.71753 3.91685
1.76654 3.85251
1.81555 3.79457
1.86456 3.74328
1.91357 3.69884
1.96258 3.66137
2.01159 3.63098
2.0606 3.6077
2.10962 3.59159
2.15863 3.58265
2.20764 3.58089
2.25665 3.5863
2.30566 3.59887
2.35467 3.6186
2.40368 3.64544
2.45269 3.67937
2.5017 3.72031
2.55071 3.76819
2.59972 3.82288
2.64873 3.88421
2.69774 3.95196
2.74676 4.02583
2.79577 4.10546
2.84478 4.19037
2.89379 4.27997
2.9428 4.37358
2.99181 4.47039
3.04082 4.56944
3.08983 4.6697
3.13884 4.77001
3.18785 4.86911
3.23686 4.9657
3.28587 5.05846
3.33488 5.14604
3.38389 5.22717
3.43291 5.30063
3.48192 5.36536
3.53093 5.4204
3.57994 5.46501
3.62895 5.4986
3.67796 5.52079
3.72697 5.53137
3.77598 5.53045
3.82499 5.51818
3.874 5.49484
3.92301 5.46096
3.97202 5.41713
4.02103 5.36404
4.07005 5.30248
4.11906 5.23327
4.16807 5.1573
4.21708 5.07548
4.26609 4.98877
4.3151 4.89816
4.36411 4.80465
4.41312 4.70926
4.46213 4.61301
4.51114 4.51691
4.56015 4.42194
4.60916 4.32905
4.65817 4.23912
4.70718 4.15295
4.7562 4.07124
4.80521 3.99463
4.85422 3.92363
4.90323 3.85866
4.95224 3.80007
5.00125 3.74811
5.05026 3.70298
5.09927 3.66481
5.14828 3.6337
5.19729 3.60971
5.2463 3.59287
5.29531 3.58322
5.34432 3.58074
5.39334 3.58543
5.44235 3.59729
5.49136 3.6163
5.54037 3.64244
5.58938 3.67566
5.63839 3.7159
5.6874 3.76309
5.73641 3.8171
5.78542 3.87777
5.83443 3.9449
5.88344 4.01817
5.93245 4.09725
5.98146 4.18165
6.03047 4.27081
6.07949 4.36406
6.1285 4.46058
6.17751 4.55946
6.22652 4.65965
