0.00819622 5.78
0.0572135 5.88793
0.106231 5.9925
0.155248 6.0923
0.204265 6.18596
0.253283 6.2722
0.3023 6.34986
0.351317 6.41792
0.400335 6.47557
0.449352 6.52215
0.498369 6.55726
0.547387 6.58065
0.596404 6.59227
0.645421 6.59235
0.694438 6.58121
0.743456 6.55923
0.792473 6.527
0.84149 6.48515
0.890508 6.43438
0.939525 6.37543
0.988542 6.309
1.03756 6.23583
1.08658 6.15663
1.13559 6.07212
1.18461 5.98297
1.23363 5.88989
1.28265 5.79361
1.33166 5.69487
1.38068 5.59451
1.4297 5.49338
1.47872 5.39241
1.52773 5.29259
1.57675 5.19491
1.62577 5.10038
1.67478 5.00995
1.7238 4.92452
1.77282 4.84489
1.82184 4.77178
1.87085 4.70576
1.91987 4.64731
1.96889 4.59681
2.01791 4.55455
2.06692 4.52072
2.11594 4.49548
2.16496 4.47892
2.21397 4.47109
2.26299 4.47199
2.31201 4.48161
2.36103 4.49994
2.41004 4.5269
2.45906 4.5624
2.50808 4.60633
2.5571 4.65853
2.60611 4.71878
2.65513 4.78681
2.70415 4.86228
2.75316 4.94477
2.80218 5.03374
2.8512 5.12858
2.90022 5.22852
2.94923 5.33269
2.99825 5.4401
3.04727 5.54962
3.09629 5.66003
3.1453 5.77001
3.19432 5.87817
3.24334 5.98311
3.29236 6.0834
3.34137 6.17768
3.39039 6.26465
3.43941 6.34314
3.48842 6.41212
3.53744 6.47074
3.58646 6.51836
3.63548 6.55453
3.68449 6.579
3.73351 6.59169
3.78253 6.59281
3.83155 6.58269
3.88056 6.56168
3.92958 6.53036
3.9786 6.48936
4.02761 6.43938
4.07663 6.38114
4.12565 6.31537
4.17467 6.24279
4.22368 6.16411
4.2727 6.08005
4.32172 5.9913
4.37074 5.89855
4.41975 5.80253
4.46877 5.70399
4.51779 5.60374
4.56681 5.50264
4.61582 5.40162
4.66484 5.30165
4.71386 5.20373
4.76287 5.10887
4.81189 5.01803
4.86091 4.93211
4.90993 4.85192
4.95894 4.77818
5.00796 4.71149
5.05698 4.65233
5.106 4.60109
5.15501 4.55807
5.20403 4.52346
5.25305 4.49743
5.30206 4.48007
5.35108 4.47144
5.4001 4.47154
5.44912 4.48037
5.49813 4.4979
5.54715 4.52407
5.59617 4.5588
5.64519 4.60197
5.6942 4.65341
5.74322 4.71294
5.79224 4.78027
5.84125 4.85507
5.89027 4.93694
5.93929 5.02535
5.98831 5.11967
6.03732 5.21918
6.08634 5.32301
6.13536 5.43016
6.18438 5.53954
6.23339 5.64992
