0.00915626 3.78
0.0581544 3.86493
0.107153 3.94762
0.156151 4.02687
0.205149 4.10143
0.254147 4.17012
0.303145 4.23179
0.352143 4.28541
0.401141 4.33006
0.450139 4.36498
0.499138 4.38962
0.548136 4.40358
0.597134 4.40669
0.646132 4.39901
0.69513 4.38068
0.744128 4.35212
0.793126 4.31386
0.842124 4.2666
0.891123 4.21113
0.940121 4.14836
0.989119 4.07928
1.03812 4.00492
1.08712 3.92636
1.13611 3.84469
1.18511 3.76099
1.23411 3.67631
1.28311 3.59167
1.33211 3.508
1.3811 3.42617
1.4301 3.34693
1.4791 3.27098
1.5281 3.19887
1.5771 3.13108
1.62609 3.06799
1.67509 3.0099
1.72409 2.95703
1.77309 2.90956
1.82209 2.86758
1.87109 2.83117
1.92008 2.80037
1.96908 2.7752
2.01808 2.75567
2.06708 2.74177
2.11608 2.7335
2.16507 2.73084
2.21407 2.7338
2.26307 2.74237
2.31207 2.75655
2.36107 2.77634
2.41006 2.80173
2.45906 2.83273
2.50806 2.8693
2.55706 2.91142
2.60606 2.95903
2.65506 3.01202
2.70405 3.07026
2.75305 3.13354
2.80205 3.20161
2.85105 3.27411
2.90005 3.3506
2.94904 3.43054
2.99804 3.51328
3.04704 3.59805
3.09604 3.68395
3.14504 3.77001
3.19403 3.85512
3.24303 3.93814
3.29203 4.01784
3.34103 4.09302
3.39003 4.16246
3.43903 4.225
3.48802 4.2796
3.53702 4.32534
3.58602 4.36143
3.63502 4.38729
3.68402 4.40251
3.73301 4.40689
3.78201 4.40046
3.83101 4.38335
3.88001 4.35596
3.92901 4.3188
3.978 4.27254
4.027 4.21799
4.076 4.15602
4.125 4.08762
4.174 4.01383
4.223 3.9357
4.27199 3.85433
4.32099 3.77081
4.36999 3.6862
4.41899 3.6015
4.46799 3.51696
4.51698 3.43553
4.56598 3.35601
4.61498 3.27965
4.66398 3.20706
4.71298 3.13875
4.76197 3.07509
4.81097 3.01641
4.85997 2.96292
4.90897 2.91481
4.95797 2.87218
5.00697 2.83512
5.05596 2.80367
5.10496 2.77784
5.15396 2.75766
5.20296 2.7431
5.25196 2.73417
5.30095 2.73086
5.34995 2.73317
5.39895 2.74109
5.44795 2.75461
5.49695 2.77374
5.54594 2.79848
5.59494 2.82883
5.64394 2.86475
5.69294 2.90623
5.74194 2.9532
5.79094 3.00557
5.83993 3.0632
5.88893 3.12591
5.93793 3.19344
5.98693 3.26544
6.03593 3.3415
6.08492 3.42106
6.13392 3.501
6.18292 3.58807
6.23192 3.67391
