0.000244862 2.88
0.0490819 2.84629
0.097919 2.80915
0.146756 2.76915
0.195593 2.72689
0.24443 2.68294
0.293267 2.6379
0.342104 2.59231
0.390942 2.54672
0.439779 2.50161
0.488616 2.45743
0.537453 2.41457
0.58629 2.37339
0.635127 2.33419
0.683964 2.29723
0.732801 2.26273
0.781638 2.23086
0.830475 2.20178
0.879312 2.1756
0.928149 2.15241
0.976987 2.13229
1.02582 2.11528
1.07466 2.10144
1.1235 2.09078
1.17233 2.08333
1.22117 2.0791
1.27001 2.0781
1.31885 2.08033
1.36768 2.08578
1.41652 2.09445
1.46536 2.10631
1.51419 2.12135
1.56303 2.13951
1.61187 2.16077
1.66071 2.18504
1.70954 2.21225
1.75838 2.24229
1.80722 2.27503
1.85605 2.3103
1.90489 2.3479
1.95373 2.3876
2.00257 2.42912
2.0514 2.47215
2.10024 2.51631
2.14908 2.56121
2.19791 2.60639
2.24675 2.65138
2.29559 2.69565
2.34442 2.73868
2.39326 2.7799
2.4421 2.81875
2.49094 2.85469
2.53977 2.88717
2.58861 2.9157
2.63745 2.93982
2.68628 2.95912
2.73512 2.97329
2.78396 2.98204
2.8328 2.98522
2.88163 2.98279
2.93047 2.97474
2.97931 2.96119
3.02814 2.94237
3.07698 2.91858
3.12582 2.89022
3.17466 2.85775
3.22349 2.82167
3.27233 2.78255
3.32117 2.74096
3.37 2.69751
3.41884 2.65276
3.46768 2.60729
3.51651 2.56165
3.56535 2.51633
3.61419 2.47179
3.66303 2.42846
3.71186 2.38669
3.7607 2.34681
3.80954 2.30909
3.85837 2.27376
3.90721 2.24102
3.95605 2.21101
4.00489 2.18386
4.05372 2.15968
4.10256 2.13855
4.1514 2.12052
4.20023 2.10563
4.24907 2.09392
4.29791 2.08542
4.34675 2.08013
4.39558 2.07807
4.44442 2.07924
4.49326 2.08364
4.54209 2.09126
4.59093 2.10207
4.63977 2.11607
4.6886 2.13321
4.73744 2.15346
4.78628 2.17675
4.83512 2.20301
4.88395 2.23213
4.93279 2.264
4.98163 2.29846
5.03046 2.33532
5.0793 2.37436
5.12814 2.41532
5.17698 2.45789
5.22581 2.50172
5.27465 2.54643
5.32349 2.59157
5.37232 2.63668
5.42116 2.68124
5.47 2.72474
5.51884 2.76661
5.56767 2.8063
5.61651 2.84325
5.66535 2.87693
5.71418 2.90681
5.76302 2.93242
5.81186 2.95334
5.86069 2.96923
5.90953 2.97978
5.95837 2.98479
6.00721 2.9842
6.05604 2.978
6.10488 2.96623
6.15372 2.94909
6.20255 2.92694
