0.0596144 0.58
0.108223 0.595503
0.156832 0.610432
0.20544 0.624419
0.254049 0.637204
0.302657 0.6485
0.351266 0.65794
0.399874 0.665147
0.448483 0.66999
0.497092 0.672466
0.5457 0.672574
0.594309 0.670314
0.642917 0.665683
0.691526 0.658682
0.740134 0.649415
0.788743 0.63825
0.837352 0.625561
0.88596 0.611635
0.934569 0.596749
0.983177 0.58124
1.03179 0.565436
1.08039 0.549211
1.129 0.534118
1.17761 0.517508
1.22622 0.500765
1.27483 0.491591
1.32344 0.473858
1.37205 0.46165
1.42065 0.450003
1.46926 0.438343
1.51787 0.427872
1.56648 0.418448
1.61509 0.409829
1.6637 0.402037
1.71231 0.395129
1.76091 0.389109
1.80952 0.383949
1.85813 0.379623
1.90674 0.37611
1.95535 0.373407
2.00396 0.371514
2.05257 0.37043
2.10117 0.370156
2.14978 0.37069
2.19839 0.372034
2.247 0.374186
2.29561 0.377148
2.34422 0.380918
2.39283 0.385504
2.44143 0.390931
2.49004 0.397225
2.53865 0.404408
2.58726 0.412457
2.63587 0.421312
2.68448 0.431011
2.73309 0.441862
2.78169 0.453679
2.8303 0.465093
2.87891 0.478643
2.92752 0.49639
2.97613 0.504179
3.02474 0.523173
3.07335 0.538381
3.12195 0.553983
3.17056 0.570088
3.21917 0.585771
3.26778 0.601113
3.31639 0.615723
3.365 0.6293
3.41361 0.641569
3.46221 0.652226
3.51082 0.660878
3.55943 0.667213
3.60804 0.671181
3.65665 0.672782
3.70526 0.672015
3.75387 0.668879
3.80247 0.663372
3.85108 0.655504
3.89969 0.645488
3.9483 0.633722
3.99691 0.620544
4.04552 0.606231
4.09413 0.591067
4.14273 0.575436
4.19134 0.559472
4.23995 0.543379
4.28856 0.528639
4.33717 0.509993
4.38578 0.49955
4.43439 0.484613
4.48299 0.46892
4.5316 0.457454
4.58021 0.445604
4.62882 0.434329
4.67743 0.424285
4.72604 0.41517
4.77465 0.406849
4.82325 0.399379
4.87186 0.392803
4.92047 0.387104
4.96908 0.382255
5.01769 0.378229
5.0663 0.375013
5.11491 0.372605
5.16351 0.371007
5.21212 0.370219
5.26073 0.370241
5.30934 0.371074
5.35795 0.372718
5.40656 0.375174
5.45517 0.378442
5.50377 0.382524
5.55238 0.387429
5.60099 0.393174
5.6496 0.399776
5.69821 0.407251
5.74682 0.415606
5.79543 0.424845
5.84404 0.434968
5.89264 0.445969
5.94125 0.457831
5.98986 0.470525
6.03847 0.484004
6.08708 0.498203
6.13569 0.513033
6.1843 0.528379
6.2329 0.544093
