0.00509928 5
0.0540204 4.95027
0.102942 4.89587
0.151863 4.83746
0.200784 4.77581
0.249705 4.7117
0.298626 4.64591
0.347547 4.57923
0.396468 4.51243
0.44539 4.44624
0.494311 4.38136
0.543232 4.31842
0.592153 4.25801
0.641074 4.20064
0.689995 4.14679
0.738917 4.09685
0.787838 4.05117
0.836759 4.01004
0.88568 3.9737
0.934601 3.94236
0.983522 3.91618
1.03244 3.89527
1.08136 3.87974
1.13029 3.86966
1.17921 3.86506
1.22813 3.8659
1.27705 3.87218
1.32597 3.88389
1.37489 3.90095
1.42381 3.92326
1.47273 3.95065
1.52165 3.98295
1.57058 4.01995
1.6195 4.06137
1.66842 4.10692
1.71734 4.15624
1.76626 4.20891
1.81518 4.26452
1.8641 4.32256
1.91302 4.38255
1.96195 4.44394
2.01087 4.50617
2.05979 4.5687
2.10871 4.63095
2.15763 4.69236
2.20655 4.75238
2.25547 4.81045
2.30439 4.86604
2.35331 4.91861
2.40224 4.96763
2.45116 5.01259
2.50008 5.05299
2.549 5.08835
2.59792 5.11822
2.64684 5.14218
2.69576 5.15985
2.74468 5.17085
2.7936 5.17501
2.84253 5.1722
2.89145 5.16233
2.94037 5.14529
2.98929 5.12126
3.03821 5.09049
3.08713 5.0533
3.13605 5.01013
3.18497 4.96151
3.2339 4.90807
3.28282 4.85047
3.33174 4.78946
3.38066 4.72582
3.42958 4.66032
3.4785 4.59377
3.52742 4.52693
3.57634 4.46055
3.62526 4.39532
3.67419 4.33191
3.72311 4.2709
3.77203 4.21284
3.82095 4.15818
3.86987 4.10736
3.91879 4.06073
3.96771 4.01858
4.01663 3.98119
4.06555 3.94875
4.11448 3.92143
4.1634 3.89936
4.21232 3.88265
4.26124 3.87139
4.31016 3.8656
4.35908 3.86526
4.408 3.87036
4.45692 3.88088
4.50585 3.89679
4.55477 3.91797
4.60369 3.94427
4.65261 3.97552
4.70153 4.01152
4.75045 4.052
4.79937 4.09668
4.84829 4.14521
4.89721 4.19719
4.94614 4.2522
4.99506 4.30976
5.04398 4.36936
5.0929 4.43049
5.14182 4.49259
5.19074 4.5551
5.23966 4.61746
5.28858 4.6791
5.3375 4.73947
5.38643 4.79802
5.43535 4.85419
5.48427 4.90746
5.53319 4.95729
5.58211 5.00318
5.63103 5.04461
5.67995 5.08111
5.72887 5.11221
5.7778 5.13749
5.82672 5.15656
5.87564 5.16903
5.92456 5.17469
5.97348 5.17341
6.0224 5.16508
6.07132 5.1496
6.12024 5.12707
6.16916 5.09774
6.21809 5.06191
