0.042535 1.74
0.0912719 1.71599
0.140009 1.68995
0.188746 1.66235
0.237483 1.63359
0.28622 1.60407
0.334957 1.57418
0.383693 1.54428
0.43243 1.51469
0.481167 1.48571
0.529904 1.45759
0.578641 1.43057
0.627378 1.40482
0.676115 1.3805
0.724852 1.35775
0.773589 1.33667
0.822326 1.31734
0.871063 1.29983
0.9198 1.28418
0.968536 1.27043
1.01727 1.25861
1.06601 1.24874
1.11475 1.24083
1.16348 1.23489
1.21222 1.23092
1.26096 1.22892
1.30969 1.2289
1.35843 1.23086
1.40717 1.23479
1.45591 1.24069
1.50464 1.24857
1.55338 1.2584
1.60212 1.27019
1.65085 1.2839
1.69959 1.29952
1.74833 1.317
1.79706 1.3363
1.8458 1.35736
1.89454 1.38008
1.94327 1.40436
1.99201 1.43008
2.04075 1.45708
2.08949 1.48515
2.13822 1.5141
2.18696 1.54364
2.2357 1.5735
2.28443 1.60335
2.33317 1.63284
2.38191 1.66157
2.43064 1.68916
2.47938 1.71518
2.52812 1.73923
2.57685 1.7609
2.62559 1.77981
2.67433 1.79562
2.72307 1.80801
2.7718 1.81675
2.82054 1.82167
2.86928 1.82266
2.91801 1.81971
2.96675 1.81285
3.01549 1.80225
3.06422 1.78809
3.11296 1.77066
3.1617 1.75027
3.21043 1.7273
3.25917 1.70215
3.30791 1.67522
3.35665 1.64694
3.40538 1.61772
3.45412 1.58796
3.50286 1.55802
3.55159 1.52825
3.60033 1.49895
3.64907 1.47041
3.6978 1.44286
3.74654 1.4165
3.79528 1.3915
3.84401 1.36802
3.89275 1.34616
3.94149 1.32601
3.99023 1.30766
4.03896 1.29115
4.0877 1.27652
4.13644 1.26381
4.18517 1.25304
4.23391 1.24423
4.28265 1.23738
4.33138 1.2325
4.38012 1.2296
4.42886 1.22867
4.47759 1.22971
4.52633 1.23273
4.57507 1.23773
4.62381 1.2447
4.67254 1.25363
4.72128 1.26452
4.77002 1.27735
4.81875 1.2921
4.86749 1.30873
4.91623 1.3272
4.96496 1.34745
5.0137 1.36942
5.06244 1.393
5.11117 1.41808
5.15991 1.44451
5.20865 1.47211
5.25738 1.50068
5.30612 1.52999
5.35486 1.55974
5.4036 1.58964
5.45233 1.61934
5.50107 1.64847
5.54981 1.67663
5.59854 1.70343
5.64728 1.72844
5.69602 1.75125
5.74475 1.77148
5.79349 1.78875
5.84223 1.80275
5.89096 1.81319
5.9397 1.81989
5.98844 1.8227
6.03718 1.82156
6.08591 1.81646
6.13465 1.80755
6.18339 1.79507
6.23212 1.77906
