0.0107191 2.74
0.0596927 2.8067
0.108666 2.87176
0.15764 2.93414
0.206614 2.99282
0.255587 3.04673
0.304561 3.09486
0.353535 3.13629
0.402508 3.17017
0.451482 3.19581
0.500456 3.21267
0.549429 3.22044
0.598403 3.21893
0.647377 3.20822
0.69635 3.18855
0.745324 3.16034
0.794298 3.12419
0.843271 3.08083
0.892245 3.03112
0.941219 2.97599
0.990192 2.91644
1.03917 2.85347
1.08814 2.7881
1.13711 2.72132
1.18609 2.65403
1.23506 2.5871
1.28403 2.52128
1.33301 2.45724
1.38198 2.39555
1.43096 2.33669
1.47993 2.28104
1.5289 2.22889
1.57788 2.18048
1.62685 2.13597
1.67582 2.09546
1.7248 2.05903
1.77377 2.02672
1.82274 1.99854
1.87172 1.97448
1.92069 1.95453
1.96967 1.93867
2.01864 1.92688
2.06761 1.91914
2.11659 1.91544
2.16556 1.91577
2.21453 1.92013
2.26351 1.92852
2.31248 1.94094
2.36145 1.95743
2.41043 1.97798
2.4594 2.00261
2.50838 2.03134
2.55735 2.06417
2.60632 2.10108
2.6553 2.14203
2.70427 2.18694
2.75324 2.23572
2.80222 2.2882
2.85119 2.34415
2.90017 2.40328
2.94914 2.46521
2.99811 2.52946
3.04709 2.59548
3.09606 2.66259
3.14503 2.73001
3.19401 2.79687
3.24298 2.86223
3.29195 2.92508
3.34093 2.98437
3.3899 3.03906
3.43888 3.08811
3.48785 3.13059
3.53682 3.16564
3.5858 3.19254
3.63477 3.21073
3.68374 3.21987
3.73272 3.21974
3.78169 3.21038
3.83066 3.19203
3.87964 3.16505
3.92861 3.13004
3.97759 3.0877
4.02656 3.03888
4.07553 2.98449
4.12451 2.92553
4.17348 2.863
4.22245 2.79793
4.27143 2.7313
4.3204 2.66403
4.36937 2.59699
4.41835 2.53096
4.46732 2.46662
4.5163 2.40455
4.56527 2.34525
4.61424 2.28909
4.66322 2.23641
4.71219 2.18743
4.76116 2.14233
4.81014 2.10122
4.85911 2.06419
4.90809 2.03126
4.95706 2.00246
5.00603 1.97779
5.05501 1.95723
5.10398 1.94077
5.15295 1.92837
5.20193 1.92004
5.2509 1.91574
5.29987 1.91547
5.34885 1.91923
5.39782 1.92702
5.4468 1.93884
5.49577 1.95472
5.54474 1.97466
5.59372 1.99869
5.64269 2.02682
5.69166 2.05903
5.74064 2.09534
5.78961 2.13569
5.83858 2.18002
5.88756 2.22823
5.93653 2.28017
5.98551 2.33562
6.03448 2.3943
6.08345 2.45584
6.13243 2.51979
6.1814 2.58559
6.23037 2.65258
