0.0105287 6
0.0594625 5.94637
0.108396 5.88772
0.15733 5.82478
0.206264 5.75832
0.255197 5.68916
0.304131 5.61816
0.353065 5.54618
0.401999 5.47406
0.450932 5.40265
0.499866 5.33273
0.5488 5.26503
0.597734 5.20025
0.646667 5.139
0.695601 5.08185
0.744535 5.02928
0.793469 4.98172
0.842402 4.93954
0.891336 4.90306
0.94027 4.87251
0.989204 4.84811
1.03814 4.83
1.08707 4.81829
1.136 4.81305
1.18494 4.81425
1.23387 4.82187
1.28281 4.83583
1.33174 4.85598
1.38067 4.88211
1.42961 4.91397
1.47854 4.95123
1.52747 4.9935
1.57641 5.04031
1.62534 5.09118
1.67428 5.14554
1.72321 5.20281
1.77214 5.26238
1.82108 5.32364
1.87001 5.38602
1.91894 5.44896
1.96788 5.51193
2.01681 5.57447
2.06575 5.63614
2.11468 5.69656
2.16361 5.75534
2.21255 5.81214
2.26148 5.8666
2.31041 5.91835
2.35935 5.967
2.40828 6.01216
2.45722 6.0534
2.50615 6.09028
2.55508 6.12235
2.60402 6.14915
2.65295 6.17026
2.70188 6.18524
2.75082 6.19369
2.79975 6.1954
2.84869 6.19016
2.89762 6.17775
2.94655 6.15806
2.99549 6.13122
3.04442 6.09741
3.09335 6.0569
3.14229 6.01012
3.19122 5.95757
3.24016 5.89988
3.28909 5.83774
3.33802 5.77192
3.38696 5.70323
3.43589 5.63253
3.48482 5.56068
3.53376 5.48853
3.58269 5.41691
3.63163 5.34662
3.68056 5.27842
3.72949 5.213
3.77843 5.151
3.82736 5.09298
3.87629 5.03945
3.92523 4.99085
3.97416 4.94757
4.0231 4.90992
4.07203 4.87816
4.12096 4.85251
4.1699 4.83313
4.21883 4.82013
4.26776 4.81358
4.3167 4.81349
4.36563 4.81982
4.41457 4.83252
4.4635 4.85144
4.51243 4.87639
4.56137 4.90713
4.6103 4.94333
4.65923 4.98462
4.70817 5.03056
4.7571 5.08066
4.80604 5.13436
4.85497 5.1911
4.9039 5.25025
4.95284 5.31123
5.00177 5.37343
5.0507 5.43629
5.09964 5.49929
5.14857 5.56195
5.19751 5.62383
5.24644 5.68454
5.29537 5.74368
5.34431 5.80091
5.39324 5.85586
5.44217 5.90818
5.49111 5.95749
5.54004 6.00339
5.58898 6.04545
5.63791 6.08324
5.68684 6.11631
5.73578 6.14421
5.78471 6.1665
5.83364 6.18274
5.88258 6.19253
5.93151 6.19561
5.98045 6.19178
6.02938 6.18083
6.07831 6.1626
6.12725 6.13718
6.17618 6.10475
6.22511 6.06555
