0.00222512 1.66
0.0511394 1.7039
0.100054 1.74693
0.148968 1.78837
0.197882 1.82748
0.246796 1.86347
0.295711 1.89561
0.344625 1.92315
0.393539 1.94548
0.442453 1.962
0.491368 1.97219
0.540282 1.97598
0.589196 1.97337
0.63811 1.96435
0.687025 1.94896
0.735939 1.92764
0.784853 1.90098
0.833767 1.8696
0.882682 1.83419
0.931596 1.79552
0.98051 1.75435
1.02942 1.71144
1.07834 1.66752
1.12725 1.62324
1.17617 1.57922
1.22508 1.53597
1.274 1.49395
1.32291 1.45352
1.37182 1.41497
1.42074 1.37854
1.46965 1.3444
1.51857 1.31268
1.56748 1.28345
1.6164 1.25677
1.66531 1.23265
1.71422 1.21111
1.76314 1.19213
1.81205 1.17569
1.86097 1.16178
1.90988 1.15037
1.9588 1.14143
2.00771 1.13494
2.05662 1.13087
2.10554 1.12924
2.15445 1.13004
2.20337 1.13328
2.25228 1.13894
2.3012 1.14703
2.35011 1.15757
2.39902 1.17059
2.44794 1.18612
2.49685 1.20416
2.54577 1.22474
2.59468 1.24788
2.64359 1.27356
2.69251 1.30178
2.74142 1.33249
2.79034 1.36563
2.83925 1.40109
2.88817 1.43872
2.93708 1.47831
2.98599 1.51961
3.03491 1.56228
3.08382 1.6059
3.13274 1.65
3.18165 1.69401
3.23057 1.7373
3.27948 1.77916
3.32839 1.81886
3.37731 1.85563
3.42622 1.8887
3.47514 1.91735
3.52405 1.94091
3.57297 1.9588
3.62188 1.97044
3.67079 1.97569
3.71971 1.97452
3.76862 1.96696
3.81754 1.95299
3.86645 1.93296
3.91537 1.90746
3.96428 1.87708
4.01319 1.84252
4.06211 1.80452
4.11102 1.76385
4.15994 1.72127
4.20885 1.67752
4.25777 1.63327
4.30668 1.58913
4.35559 1.54546
4.40451 1.50091
4.45342 1.46229
4.50234 1.4235
4.55125 1.3866
4.60017 1.35193
4.64908 1.31965
4.69799 1.28985
4.74691 1.26259
4.79582 1.23789
4.84474 1.21576
4.89365 1.19621
4.94256 1.1792
4.99148 1.16471
5.04039 1.15274
5.08931 1.14324
5.13822 1.13619
5.18714 1.13158
5.23605 1.1294
5.28496 1.12965
5.33388 1.13233
5.38279 1.13744
5.43171 1.14498
5.48062 1.15497
5.52954 1.16742
5.57845 1.18238
5.62736 1.19985
5.67628 1.21986
5.72519 1.24241
5.77411 1.26752
5.82302 1.29517
5.87194 1.32532
5.92085 1.35791
5.96976 1.39286
6.01868 1.43001
6.06759 1.46918
6.11651 1.51012
6.16542 1.55251
6.21434 1.59596
