0.0987151 0.58
0.146866 0.57044
0.195016 0.560596
0.243166 0.550261
0.291317 0.539603
0.339467 0.528867
0.387618 0.518168
0.435768 0.5076
0.483919 0.497267
0.532069 0.487262
0.58022 0.477658
0.62837 0.468514
0.676521 0.45988
0.724671 0.4518
0.772822 0.444299
0.820972 0.437402
0.869122 0.431128
0.917273 0.425492
0.965423 0.420507
1.01357 0.416186
1.06172 0.412531
1.10987 0.409537
1.15803 0.407203
1.20618 0.405526
1.25433 0.404502
1.30248 0.404129
1.35063 0.404404
1.39878 0.405324
1.44693 0.406887
1.49508 0.409088
1.54323 0.411927
1.59138 0.415399
1.63953 0.419502
1.68768 0.424241
1.73583 0.429667
1.78398 0.435849
1.83213 0.442847
1.88028 0.450477
1.92843 0.458233
1.97658 0.465807
2.02473 0.47472
2.07288 0.487055
2.12103 0.498203
2.16918 0.502256
2.21734 0.514578
2.26549 0.527436
2.31364 0.537543
2.36179 0.547752
2.40994 0.558404
2.45809 0.568582
2.50624 0.578083
2.55439 0.586957
2.60254 0.595013
2.65069 0.60195
2.69884 0.607574
2.74699 0.611867
2.79514 0.614829
2.84329 0.616461
2.89144 0.616762
2.93959 0.615734
2.98774 0.613375
3.03589 0.609686
3.08404 0.604668
3.13219 0.59832
3.18034 0.590739
3.22849 0.582205
3.27665 0.572992
3.3248 0.563138
3.37295 0.552627
3.4211 0.5421
3.46925 0.532231
3.5174 0.520972
3.56555 0.507131
3.6137 0.499996
3.66185 0.492982
3.71 0.479965
3.75815 0.469621
3.8063 0.46173
3.85445 0.454096
3.9026 0.446346
3.95075 0.439002
3.9989 0.432446
4.04705 0.426676
4.0952 0.42163
4.14335 0.417248
4.1915 0.413505
4.23965 0.410401
4.28781 0.407936
4.33596 0.40611
4.38411 0.404924
4.43226 0.404376
4.48041 0.404467
4.52856 0.405198
4.57671 0.406568
4.62486 0.408577
4.67301 0.411226
4.72116 0.414514
4.76931 0.418442
4.81746 0.423012
4.86561 0.428262
4.91376 0.434255
4.96191 0.441054
5.01006 0.448575
5.05821 0.456348
5.10636 0.463917
5.15451 0.472278
5.20266 0.483752
5.25081 0.49615
5.29896 0.500662
5.34712 0.511079
5.39527 0.52464
5.44342 0.535151
5.49157 0.545172
5.53972 0.555812
5.58787 0.566132
5.63602 0.575782
5.68417 0.584912
5.73232 0.593291
5.78047 0.600345
5.82862 0.605638
5.87677 0.609249
5.92492 0.611365
5.97307 0.612171
6.02122 0.611856
6.06937 0.610607
6.11752 0.608609
6.16567 0.606051
6.21382 0.603119
