0.00688265 6.74
0.0559031 6.8528
0.104924 6.96176
0.153944 7.06541
0.202964 7.1624
0.251985 7.25142
0.301005 7.33138
0.350026 7.40132
0.399046 7.46051
0.448067 7.50841
0.497087 7.54473
0.546108 7.56938
0.595128 7.58247
0.644148 7.58431
0.693169 7.57539
0.742189 7.55628
0.79121 7.5277
0.84023 7.49041
0.889251 7.44521
0.938271 7.39292
0.987292 7.33431
1.03631 7.2701
1.08533 7.20094
1.13435 7.12739
1.18337 7.04989
1.23239 6.96881
1.28141 6.88441
1.33043 6.79689
1.37946 6.70646
1.42848 6.61332
1.4775 6.51778
1.52652 6.42031
1.57554 6.32158
1.62456 6.22245
1.67358 6.12401
1.7226 6.02751
1.77162 5.93425
1.82064 5.84559
1.86966 5.76277
1.91868 5.6869
1.9677 5.61896
2.01672 5.5597
2.06574 5.50974
2.11476 5.46953
2.16378 5.43937
2.2128 5.41947
2.26182 5.40994
2.31084 5.41078
2.35986 5.42196
2.40888 5.44343
2.4579 5.47503
2.50693 5.51656
2.55595 5.56778
2.60497 5.62837
2.65399 5.69794
2.70301 5.77602
2.75203 5.86204
2.80105 5.95533
2.85007 6.05508
2.89909 6.16041
2.94811 6.27025
2.99713 6.38345
3.04615 6.49873
3.09517 6.61474
3.14419 6.73001
3.19321 6.84307
3.24223 6.95242
3.29125 7.0566
3.34027 7.15422
3.38929 7.24399
3.43831 7.32478
3.48733 7.39563
3.53635 7.45578
3.58538 7.50468
3.6344 7.54202
3.68342 7.56769
3.73244 7.58178
3.78146 7.58459
3.83048 7.57659
3.8795 7.55834
3.92852 7.53055
3.97754 7.49399
4.02656 7.44946
4.07558 7.39776
4.1246 7.33967
4.17362 7.27592
4.22264 7.20717
4.27166 7.13398
4.32068 7.05681
4.3697 6.97603
4.41872 6.89191
4.46774 6.80466
4.51676 6.71448
4.56578 6.62156
4.6148 6.52622
4.66383 6.42889
4.71285 6.33024
4.76187 6.2311
4.81089 6.13255
4.85991 6.03583
4.90893 5.94224
4.95795 5.85313
5.00697 5.76974
5.05599 5.69323
5.10501 5.62456
5.15403 5.56452
5.20305 5.51372
5.25207 5.47265
5.30109 5.4416
5.35011 5.42079
5.39913 5.41035
5.44815 5.41029
5.49717 5.42057
5.54619 5.44115
5.59521 5.47187
5.64423 5.51254
5.69325 5.56293
5.74227 5.62271
5.7913 5.69151
5.84032 5.76887
5.88934 5.85422
5.93836 5.9469
5.98738 6.04613
6.0364 6.15101
6.08542 6.2605
6.13444 6.37345
6.18346 6.48861
6.23248 6.60461
