0.000360199 6.98
0.0492888 6.92766
0.0982173 6.86988
0.147146 6.80734
0.196074 6.74081
0.245003 6.67116
0.293932 6.59927
0.34286 6.52605
0.391789 6.45245
0.440717 6.37938
0.489646 6.30774
0.538574 6.23839
0.587503 6.17213
0.636431 6.1097
0.68536 6.05179
0.734289 5.999
0.783217 5.95188
0.832146 5.9109
0.881074 5.87644
0.930003 5.84884
0.978931 5.82835
1.02786 5.81516
1.07679 5.80939
1.12572 5.811
1.17465 5.81995
1.22357 5.83614
1.2725 5.85929
1.32143 5.88903
1.37036 5.92486
1.41929 5.96622
1.46822 6.01237
1.51715 6.06251
1.56607 6.11579
1.615 6.1713
1.66393 6.22818
1.71286 6.28565
1.76179 6.34302
1.81072 6.39977
1.85965 6.45556
1.90857 6.51017
1.9575 6.56352
2.00643 6.61559
2.05536 6.66641
2.10429 6.71602
2.15322 6.76439
2.20215 6.81148
2.25107 6.85714
2.3 6.90116
2.34893 6.94325
2.39786 6.98304
2.44679 7.0201
2.49572 7.05394
2.54465 7.08405
2.59357 7.10987
2.6425 7.13089
2.69143 7.14649
2.74036 7.15618
2.78929 7.15963
2.83822 7.15653
2.88715 7.14655
2.93607 7.12938
2.985 7.105
3.03393 7.07352
3.08286 7.03512
3.13179 6.99013
3.18072 6.939
3.22965 6.88229
3.27857 6.82068
3.3275 6.75492
3.37643 6.68585
3.42536 6.61434
3.47429 6.54132
3.52322 6.46773
3.57215 6.39447
3.62107 6.32247
3.67 6.25257
3.71893 6.1856
3.76786 6.12232
3.81679 6.06342
3.86572 6.00952
3.91464 5.96118
3.96357 5.91889
4.0125 5.88305
4.06143 5.854
4.11036 5.83201
4.15929 5.81729
4.20822 5.80998
4.25714 5.81006
4.30607 5.81749
4.355 5.8322
4.40393 5.85393
4.45286 5.88233
4.50179 5.91694
4.55072 5.95721
4.59964 6.00242
4.64857 6.05181
4.6975 6.10451
4.74643 6.15963
4.79536 6.2163
4.84429 6.2737
4.89322 6.33113
4.94214 6.38805
4.99107 6.44407
5.04 6.49893
5.08893 6.55254
5.13786 6.60488
5.18679 6.65596
5.23572 6.70581
5.28464 6.75445
5.33357 6.80181
5.3825 6.84778
5.43143 6.89217
5.48036 6.93468
5.52929 6.97499
5.57822 7.01265
5.62714 7.0472
5.67607 7.07813
5.725 7.10489
5.77393 7.12694
5.82286 7.14372
5.87179 7.15467
5.92072 7.15945
5.96964 7.15773
6.01857 7.1492
6.0675 7.13355
6.11643 7.11065
6.16536 7.08064
6.21429 7.04365
