8.2723202260199136e-02
3.1146884493572169e-01
3.9722782222046837e-01
4.5718059128337485e-01
5.0668441809426734e-01
5.5017939515961922e-01
5.8968859763408465e-01
6.2634147639073912e-01
6.6084580021824735e-01
6.9367933790527170e-01
7.2518588714189280e-01
7.5562441902669453e-01
7.8519576015117365e-01
8.1406291051533053e-01
8.4236078341491361e-01
8.7020237884992357e-01
8.9768666791894303e-01
9.2490559281913720e-01
9.5193821135334189e-01
9.7886343681730370e-01
1.0057552692110245e+00
1.0326847952387541e+00
1.0597289281962423e+00
1.0869607547877400e+00
1.1144662172104132e+00
1.1423333732670953e+00
1.1706612807606216e+00
1.1995669396909907e+00
1.2291814656638724e+00
1.2596718586792655e+00
1.2912392343428383e+00
1.3241427371616770e+00
1.3587304827414488e+00
1.3954837311949080e+00
1.4351207715362251e+00
1.4787792106951576e+00
1.5285249446156350e+00
1.5889000831011031e+00
1.6759668515058261e+00
1.8988248735628959e+00
1.9847992141937367e+00
2.0440820116095741e+00
2.0927354911646727e+00
2.1353077048596432e+00
2.1738566931454999e+00
2.2095248895434993e+00
2.2430306697720628e+00
2.2748522939439435e+00
2.3053408487633931e+00
2.3347545365403310e+00
2.3632953861761745e+00
2.3911284843751739e+00
2.4183868600387473e+00
2.4451855998711451e+00
2.4716257327737843e+00
2.4977942298452485e+00
2.5237781199869547e+00
2.5496494321003196e+00
2.5754842528895940e+00
2.6013564378476937e+00
2.6013564378476937e+00
2.6273390447774521e+00
2.6535091025802862e+00
2.6799475823547789e+00
2.7067454262980961e+00
2.7340016344102387e+00
2.7618301488883716e+00
2.7903649697324955e+00
2.8197729235341065e+00
2.8502480680960405e+00
2.8820551722069609e+00
2.9155332069654492e+00
2.9511638544559187e+00
2.9896538545656162e+00
3.0321316870690342e+00
3.0806214560222434e+00
3.1395641672274675e+00
3.2243162022601988e+00
3.4530598449357219e+00
3.5388208222204685e+00
3.5987735912833747e+00
3.6482774180942670e+00
3.6917723951596191e+00
3.7312805976340848e+00
3.7679344763907396e+00
3.8024378002182466e+00
3.8352723379052716e+00
3.8667788871418929e+00
3.8972174190266951e+00
3.9267887601511733e+00
3.9556559105153299e+00
3.9839537834149130e+00
4.0117943788499240e+00
4.0392796679189429e+00
4.0664985928191371e+00
4.0935312113533415e+00
4.1204564368173040e+00
4.1473482692110242e+00
4.1742777952387549e+00
4.2013209281962425e+00
4.2285537547877405e+00
4.2560592172104128e+00
4.2839263732670956e+00
4.3122552807606214e+00
4.3411599396909910e+00
4.3707744656638727e+00
4.4012658586792650e+00
4.4328322343428379e+00
4.4657357371616762e+00
4.5003234827414484e+00
4.5370767311949081e+00
4.5767127715362248e+00
4.6203722106951570e+00
4.6701169446156356e+00
4.7304910831011027e+00
4.8175598515058260e+00
5.0404188735628956e+00
5.1263922141937375e+00
5.1856739187891607e+00
5.2343280983442586e+00
5.2769002120392292e+00
5.3154484003250859e+00
5.3511170967230859e+00
5.3846229769516487e+00
5.4164454011235295e+00
5.4469335559429801e+00
5.4763476437199170e+00
5.5048880933557607e+00
5.5327206915547604e+00
5.5599792672183330e+00
5.5867784070507316e+00
5.6132175399533706e+00
5.6393876370248348e+00
5.6653710271665405e+00
5.6912424392799057e+00
5.7170767600691805e+00
5.7429489450272797e+00
5.7689316519570379e+00
5.7951012097598724e+00
5.8215395895343649e+00
5.8483378334776823e+00
5.8755928415898246e+00
5.9034227560679575e+00
5.9319586769120818e+00
5.9613648307136931e+00
5.9918406752756272e+00
6.0236476793865465e+00
6.0571256141450354e+00
6.0927568616355048e+00
6.1312451617452020e+00
6.1737239942486202e+00
6.2222137632018297e+00
6.2811544744070531e+00
