8.2723202260199136e-02	4.2808807039115635e+00
3.1146884493572169e-01	4.5497299406695699e+00
3.9722782222046837e-01	4.6490678093102895e+00
4.5718059128337485e-01	4.7175681664250346e+00
5.0668441809426734e-01	4.7734223006795418e+00
5.5017939515961922e-01	4.8219136501690647e+00
5.8968859763408465e-01	4.8654544988262813e+00
6.2634147639073912e-01	4.9053978675913781e+00
6.6084580021824735e-01	4.9425930285242607e+00
6.9367933790527170e-01	4.9776172914050818e+00
7.2518588714189280e-01	5.0108779274302453e+00
7.5562441902669453e-01	5.0426927560109203e+00
7.8519576015117365e-01	5.0732957980337590e+00
8.1406291051533053e-01	5.1028863600585126e+00
8.4236078341491361e-01	5.1316214142037362e+00
8.7020237884992357e-01	5.1596354156298085e+00
8.9768666791894303e-01	5.1870449586666210e+00
9.2490559281913720e-01	5.2139535984536360e+00
9.5193821135334189e-01	5.2404506529019086e+00
9.7886343681730370e-01	5.2666231004256492e+00
1.0057552692110245e+00	5.2925479035361871e+00
1.0326847952387541e+00	5.3183071551706291e+00
1.0597289281962423e+00	5.3439727829890176e+00
1.0869607547877400e+00	5.3696237789977967e+00
1.1144662172104132e+00	5.3953391086335234e+00
1.1423333732670953e+00	5.4212037821629142e+00
1.1706612807606216e+00	5.4473137283158053e+00
1.1995669396909907e+00	5.4737709095928047e+00
1.2291814656638724e+00	5.5006983259874298e+00
1.2596718586792655e+00	5.5282418054497002e+00
1.2912392343428383e+00	5.5565783217082583e+00
1.3241427371616770e+00	5.5859337343812303e+00
1.3587304827414488e+00	5.6166098348242173e+00
1.3954837311949080e+00	5.6490194961276998e+00
1.4351207715362251e+00	5.6837792430374670e+00
1.4787792106951576e+00	5.7218665820434413e+00
1.5285249446156350e+00	5.7650485340603774e+00
1.5889000831011031e+00	5.8172179517043610e+00
1.6759668515058261e+00	5.8921563158150017e+00
1.8988248735628959e+00	6.0840327001451096e+00
1.9847992141937367e+00	6.1587604730040448e+00
2.0440820116095741e+00	6.2107232797496454e+00
2.0927354911646727e+00	6.2537055828384194e+00
2.1353077048596432e+00	8.4139857123277650e-03
2.1738566931454999e+00	4.2987108075692504e-02
2.2095248895434993e+00	7.5214061749763417e-02
2.2430306697720628e+00	1.0571450922051895e-01
2.2748522939439435e+00	1.3489922824918743e-01
2.3053408487633931e+00	1.6307102079376534e-01
2.3347545365403310e+00	1.9045682363573668e-01
2.3632953861761745e+00	2.1723148808463488e-01
2.3911284843751739e+00	2.4354395401457030e-01
2.4183868600387473e+00	2.6951119150791314e-01
2.4451855998711451e+00	2.9524312167770539e-01
2.4716257327737843e+00	3.2082972823677203e-01
2.4977942298452485e+00	3.4635597127827822e-01
2.5237781199869547e+00	3.7190285579963778e-01
2.5496494321003196e+00	3.9754833124495192e-01
2.5754842528895940e+00	4.2336944077462757e-01
2.6013564378476937e+00	4.4944011398583505e-01
2.6013564378476937e+00	4.4944111931962816e-01
2.6273390447774521e+00	4.7584140387396623e-01
2.6535091025802862e+00	5.0266028658044881e-01
2.6799475823547789e+00	5.2998680672539500e-01
2.7067454262980961e+00	5.5792296620132475e-01
2.7340016344102387e+00	5.8658579890205598e-01
2.7618301488883716e+00	6.1610830664068228e-01
2.7903649697324955e+00	6.4665060344934311e-01
2.8197729235341065e+00	6.7840762585865377e-01
2.8502480680960405e+00	7.1161759692704152e-01
2.8820551722069609e+00	7.4659449790773547e-01
2.9155332069654492e+00	7.8374957418635205e-01
2.9511638544559187e+00	8.2365898963734985e-01
2.9896538545656162e+00	8.6717003401153114e-01
3.0321316870690342e+00	9.1563520730409742e-01
3.0806214560222434e+00	9.7147041072536844e-01
3.1395641672274675e+00	1.0399575074782472e+00
3.2243162022601988e+00	1.1392880867319768e+00
3.4530598449357219e+00	1.4081354334899840e+00
3.5388208222204685e+00	1.5074756021307039e+00
3.5987735912833747e+00	1.5759753592454491e+00
3.6482774180942670e+00	1.6318301934999564e+00
3.6917723951596191e+00	1.6803210429894779e+00
3.7312805976340848e+00	1.7238617916466961e+00
3.7679344763907396e+00	1.7638058604117912e+00
3.8024378002182466e+00	1.8010006213446754e+00
3.8352723379052716e+00	1.8360242842254948e+00
3.8667788871418929e+00	1.8692849202506601e+00
3.8972174190266951e+00	1.9010997488313333e+00
3.9267887601511733e+00	1.9317026908541735e+00
3.9556559105153299e+00	1.9612939528789255e+00
3.9839537834149130e+00	1.9900285070241495e+00
4.0117943788499240e+00	2.0180424084502224e+00
4.0392796679189429e+00	2.0454526514870359e+00
4.0664985928191371e+00	2.0723602912740500e+00
4.0935312113533415e+00	2.0988583457223235e+00
4.1204564368173040e+00	2.1250307932460633e+00
4.1473482692110242e+00	2.1509555963565994e+00
4.1742777952387549e+00	2.1767148479910432e+00
4.2013209281962425e+00	2.2023804758094307e+00
4.2285537547877405e+00	2.2280304718182098e+00
4.2560592172104128e+00	2.2537458014539382e+00
4.2839263732670956e+00	2.2796114749833283e+00
4.3122552807606214e+00	2.3057214211362194e+00
4.3411599396909910e+00	2.3321786024132187e+00
4.3707744656638727e+00	2.3591060188078430e+00
4.4012658586792650e+00	2.3866494982701134e+00
4.4328322343428379e+00	2.4149850145286713e+00
4.4657357371616762e+00	2.4443414272016444e+00
4.5003234827414484e+00	2.4750175276446313e+00
4.5370767311949081e+00	2.5074271889481139e+00
4.5767127715362248e+00	2.5421859358578800e+00
4.6203722106951570e+00	2.5802742748638536e+00
4.6701169446156356e+00	2.6234552268807914e+00
4.7304910831011027e+00	2.6756246445247740e+00
4.8175598515058260e+00	2.7505640086354148e+00
5.0404188735628956e+00	2.9424413929655238e+00
5.1263922141937375e+00	3.0171681658244580e+00
5.1856739187891607e+00	3.0691299725700603e+00
5.2343280983442586e+00	3.1121132756588334e+00
5.2769002120392292e+00	3.1500069857123272e+00
5.3154484003250859e+00	3.1845791080756918e+00
5.3511170967230859e+00	3.2168060617497645e+00
5.3846229769516487e+00	3.2473065092205182e+00
5.4164454011235295e+00	3.2764922282491877e+00
5.4469335559429801e+00	3.3046640207937656e+00
5.4763476437199170e+00	3.3320498236357370e+00
5.5048880933557607e+00	3.3588244880846361e+00
5.5327206915547604e+00	3.3851369540145697e+00
5.5599792672183330e+00	3.4111041915079134e+00
5.5867784070507316e+00	3.4368351216777064e+00
5.6132175399533706e+00	3.4624217282367731e+00
5.6393876370248348e+00	3.4879489712782785e+00
5.6653710271665405e+00	3.5134968557996373e+00
5.6912424392799057e+00	3.5391403312449512e+00
5.7170767600691805e+00	3.5649624407746288e+00
5.7429489450272797e+00	3.5910331193196292e+00
5.7689316519570379e+00	3.6174344038739665e+00
5.7951012097598724e+00	3.6442532865804473e+00
5.8215395895343649e+00	3.6715798067253935e+00
5.8483378334776823e+00	3.6995159662013251e+00
5.8755928415898246e+00	3.7281777989020561e+00
5.9034227560679575e+00	3.7577003066406824e+00
5.9319586769120818e+00	3.7882446034493427e+00
5.9613648307136931e+00	3.8199996258586530e+00
5.9918406752756272e+00	3.8532105969270418e+00
6.0236476793865465e+00	3.8881874979077367e+00
6.0571256141450354e+00	3.9253425741863524e+00
6.0927568616355048e+00	3.9652509896373509e+00
6.1312451617452020e+00	4.0087620340115322e+00
6.1737239942486202e+00	4.0572282073040977e+00
6.2222137632018297e+00	4.1130634107253687e+00
6.2811544744070531e+00	4.1815485074782472e+00
